18 29
6 5 7 5 6 7 6 2 7 4 6 6 6 6 5 6 4 10
6 2 5 2 5 3 2 4 2 5 2 3 4 1 6 3 4 3 4 5 3 5 3 4 4 4 2 6 2
.......T....T................
TTT.T....T....TT....T.T...T..
........T.............T..T..T
....T.....T.T.T..T.....TT..T.
...T.T.............T.......T.
..T......T.....T...T.........
T.T......TT.TT...T....TT.....
.....T........T..T..TT.......
......T...............T.....T
TT...T......T................
.T......T...T.T..T.T....TT..T
.....T....T....TT...T.....TT.
.............T.......T..T....
T.T..........T....T...T....T.
.T.....T.T...T...T...T.T.....
T...TT.....T.....T..T...T....
...T..............T.T.T.....T
T......T..T....T.T.......T.T.
