12 34
6 8 5 4 9 6 5 3 5 3 3 8
1 0 0 6 2 4 2 0 3 3 1 0 1 4 8 4 0 3 0 3 0 4 0 2 3 0 7 0 0 1 0 0 2 5
....T..T.....T...TT...............
........TTT...T..T...T.T..........
.TT..T....T....T.......T.......T..
........T.......T...T.T..T........
.....TT.........T.T..............T
.........................T........
.....T...T.....TT....T..T......T.T
......TT.T.......T...T......T....T
.....T.T..........T...T..T........
.......T..T.T...T....T.....T.....T
........T........T.....TTT....T...
.....T....T....TT...T...........T.
