300 300
45 188 155 158 281 175 34 197 142 37 256 229 41 109 85 264 143 235 130 41 115 21 29 275 195 3 240 186 60 56 62 183 42 197 296 106 133 177 219 81 221 203 282 5 31 97 238 122 265 126 181 79 269 115 158 279 61 145 276 37 246 182 20 277 115 68 78 63 248 52 213 159 236 233 4 11 296 131 280 175 269 107 58 40 242 283 243 258 85 212 271 163 257 238 50 298 145 250 194 38 77 65 165 73 151 283 239 112 181 171 107 293 99 90 288 159 295 183 189 10 104 113 56 136 175 37 27 159 134 296 118 282 195 74 195 139 250 182 267 9 259 105 231 249 95 52 107 195 203 268 181 130 69 273 54 24 84 112 129 57 136 291 12 124 25 11 68 27 153 9 276 203 96 242 76 294 205 47 208 268 112 87 231 222 229 128 248 60 275 93 28 126 50 58 105 0 16 150 32 7 69 7 139 127 190 182 160 122 267 180 265 81 101 136 121 83 58 2 44 117 133 188 9 273 206 233 282 177 285 174 253 98 282 275 198 269 37 242 190 179 203 4 281 240 28 2 25 223 198 282 243 9 138 51 66 117 197 201 119 210 268 86 293 146 11 127 287 124 36 247 190 213 259 249 274 114 122 226 242 35 29 181 237 10 184 120 55 35 40 299 194 108 27 137 68 156 216 254 71 97
0 169 106 130 59 190 150 163 89 135 9 282 211 188 181 161 237 262 147 116 252 156 112 285 272 200 155 37 186 8 21 58 296 255 116 225 109 122 274 250 154 212 243 188 181 47 217 42 188 30 185 176 123 160 90 263 289 296 283 107 234 299 210 161 175 113 250 201 183 47 150 161 238 145 275 255 267 46 138 20 120 112 230 37 52 58 18 96 0 152 146 170 258 224 94 33 76 184 105 188 124 251 10 24 51 38 69 133 220 41 72 198 57 180 45 138 282 212 36 279 81 104 53 70 64 108 85 220 259 283 52 236 72 218 236 6 238 222 103 233 26 152 175 196 42 83 54 136 287 127 254 255 176 163 147 149 153 285 62 125 148 201 57 120 68 55 247 218 17 88 260 248 77 204 31 153 110 23 266 298 126 241 149 221 101 77 158 20 27 97 104 94 41 187 44 141 241 32 42 200 3 272 206 230 49 142 122 163 103 297 295 229 30 151 74 251 187 215 18 19 263 300 71 12 213 176 178 110 161 195 243 126 39 259 80 72 154 280 44 0 250 95 105 273 221 19 56 183 68 0 270 220 30 141 52 296 33 13 25 249 259 107 130 208 117 90 42 204 45 268 275 121 25 176 156 97 55 289 117 77 89 236 36 98 185 4 58 39 249 134 177 176 137 230 255 211 251 36 233 268
T..T.T....T...........T...T....T...T.T.........T.....T.T..T...TT....T....T..............T..TT..T..T......T..T..TT.T.....T......T.....T.......TT...T..TT...TTT.........T....T....T....T.......TTT.......TT.T............T..T.T..T........T.....T.T.TT....T...........T...T....TT.T....T.T.......T...T....TT..
TT..............T...T.TT...T....T......T.T.T........T....TT.......T...T......T..TTT.T...T......T..T..T.TT........T....T.T.T...TTT...T.T.T.T.....TT......T...T...T..........TT...T.T..TT..T..T.....T...T..T.TT.....T.T...T...................TT....T....T.T.T..T.T......T.....TT.....TT..T...T..TT.....TT....
..T..TTT.....T..T..T.......T.T....T.TT.....TT........T..T...T.TTT.T...T.TT....T.T..TTT........T.TTT.....T.....T.T.........T..........T..T.TT.T.........T.TT..T........T.T.T....T.TT...................T.TT..T...T........T..T...T.T..TT..T.......TT.....T.TT....TT....T.....T....T.....TT.T......T......T.T.
....T....TT.......T..T.........T.TT..TT.T.T...T.TTT.T......TT.........T....T..T.......T......T...........T....T...TT.T.TT..T....T..T....T.T.T.T......T...T.TT..........T.......T...T.TT.....TT..T.T.T.........T.TT.....TTT......T.TT......T..TT.T......T..T.T..T..T..T..T..T.T...T.T.T.......T.T..T..T..T..T
.T.TT......T.T.......T.T...TT........T.TTT.......T...T..TTT.......T...T.TT....T....T...T.T.....TT.....TTT.....T..TT......T......T..........T..T....T..TT.TT.T.T..T.T..TT.T.....T.T..T.T........T.T.T.......T..TT.TT...TT........T.T....T...TT.....T...TT..T.....TT...T.T.............T.T..TT..TT.T.....TT...
............T.T.T.T.T....TT...T..TT...T.....TT.....T.T....T.......T..T....T............T..T..TT..TTT.......T...........T..T..T.......TTT..T...........TT....TTT....T..T.T.......T......T.T.....T......T.....T...TT..T...T..........T...TT...TTT.T.T.T.......T.T.T.....T........T..T...T..........T.TT.......
.......TTTT.....TT....T.......T.T....T......TT................TT..T....T.T..T..........TT..T.TTT...TT..T....T.T.T....TT....T......T........T.............T.......TT...T.T...............T....T.T..TT.TT.T..T...T...T....TT......TT.T...T...T.T.................T...T...TT.T.....T.....T......T...T..T.T....T
........TT.T.........T....T.T..T.TT..........T....T..T......TT....T.T......T.............T...T...T..............T..TT.........T....TT....TT...T..TT.T....T.......TTT.T.....TT...TT.T...T....TT.T..T...T..T.T.T..T...........T..T..T.T....T......T....T...........T.....TT...TT.TT.TTT....T..............T...
.TT...T.T....TT...TT.T.T......T......TTT.TT..TTTT..T......T..T....T.T.T...T.....TT...T...TT.TT....T.T....T.......T......TT.........T.................T........T...T........T..T......TT...T..TT.TTTT.T........TT.T.........TT....T.....T...T.......T.TTT....T.......T.TT.........TT.TT.T.T......T.TTTT.TTT..
....T.TT..TT..T.....T.....TT......T.TTTT.TT.TT.T..T..T.....T......TT.......T.T.T..TT..T...T..T....T..T....T...T.T..T...TT..T.T..T....T.T....TTT..TT....T....TT......T.TT...T...TT...T...T.T..T.........TT........T....T...T...T.T.T....T......T.T...TTT..TT..T...T....TT.......TTT...T....T.....TTT.T...TTT.
....TT...........T..T......T..................TT..T.............T.......T...T......T.TT.T...........TT...T....T...TT...TT..TT.T..TT......TT...........T.......T.TT....TT.....T.T..........T...T.....T.T...........TT..........T.T.T..T.......TT.......TTTTT.T..T.T.....T.....TT.T........T..........TTT....T
....TT.T...........T.....TT..TT.T........TT....T....T.T.....T.......T.T...T.......T.T.........T.T.T...T..TT.T.......T.....T.T..T...T......T......T.....TT...T.....TT..........T.....T......T...TT...........T.T....T.T.........T....T.TT......T...T.TTT.............T....T..........T.T......TT.T.....T.....
T...T..TT....T.TT......T..T...T.T...T.T.............T.T.T...T.T....T.....T.T......TT.TT......T..T......T...TT..T.T...........T.TTT...TTTT.T....T.....T....T.T.....T.TT..T....T..........T...T...T...T........TTTT.T.T....T......TT...T........T..T....T.TT......T..T.....T.............TT.T....T..T..T...T.T
............TT....T...T..T..T.TTT.T.....T...T...T..........T............TT.T.......T....T...TT.T......T...T...T............T........T..TT..T.T...T......T.............TT.T................T..T...T...TTT........TT........T.TT.........T..TT...T..T..TT.T........T.TT.T.......T...TTT...TTT.....T.....T...TT
..T.TT.T..T......................T..TTT.........T..T..TT.....TT.TT....T.T.......T.T....T.T...T.T....T.TT.........T.....T....T..T........T..T....TT......T.T.TT...T....T.T........T..............T..TT....T.TTTTTTTT....T....T.........TT..T..........TT.......TT.....T..T..T......T.T.......T....T....T.....
..T...........T.....T..T..T...T....T..TTT........T.....T..T.TTT................T....T.....T.TT.TTTT.....T..........T..T.T...T.T....T.T.....T.T.T.T......T..TT.T.......T..T.T...........T............T..T.T.T...T.T............T..T..T....T.T.TT..T...T.TT.TT..T.T..T...T.......T.......TTT...............T..
T..T......T....T........T...TT....T......T......T....T.....T.T.TT.T...T...T..T..T....T.T.........TTT.TT.....T...............TT..T.T.TT...T..T.T.T....T...T...T.....T.T....T..T.T................TT..T...T.T..TT...T..........TT.T..T......T....T..T......TT..TTTT............T....T......T..T...T....T.....T
...........T.....T.......T...TT......T...T......T....T.T.....T.T..TTTTT.........T.T...T.T...TTT.T....T.T........T...T..T..T........TTT..T.T...T....T..............TT..T...T..T...TTT.........T.....T...TT..T.T.T.TTTT...TT.T..T.TT..T....TT.TTT...T.TT..T..TT...T.....T.T............T..................TT.T
.TT.T.T..T...TTTT..T...T..TTTT.........T......T.....TT...........T...........TTT.T.TT.T.....T.............T.T..T....T......T.........T.TT..T....T.TT.T..T.T...T......T.T..T.T.T....T.....T.T.....T.TT.....T.T.T...T......T..T......T.......T..T.TT.T....T...T....T.......T..T.TT.T....T.T..TTT..TT.T..T.T.T.
.T..T........T.....T...T.....T.TT.T.T.T..T.TT.T..T.T.T..T.........T....T.T..T..T........T....T..T.....T..T.TT..T.......T..T.TT.T.....T....TT...T......T...T.T....T.T..T..T.T......T...TTT.........TT.....T...T.TT....T.T.TT.....T..T.TT..TT..T....T.......T..........TTTT...........T...T.T.............TT..
....T....T...T.T..T.....T...T....T.T...T..........T.T..TT....T..T....T..T..............T.....................T..T.T....T..T.T..T...T.TT...T..........T..T.......T...T...T..T...T..T........T...T.T.......TT....T.TT...................TT...T.TT.T..T.T...T.T..TT.T..TT......T.............T....T.TTTTT.TT.T.
TTT.T...T..TTT............T.T.......T..T...T...T...TT...T.T.T..T.T....T..T.....T.....TT..T..T..T....TT........T......T..T..T...T.......TT...TTT.T....TTT.....T.....TT.T.T.......T.T....TTTT...T......T..TT................TT.T.T..T.T..T.......T....T.TT....T.T......T.T..T.....TT.T..T..T.T....TT.T..TTT..T
...TT..TTT......T..T.T.TTT.............T..............T.TT...T........T...T......TT.....TTTT..TTT..T...T.......T.....T....T.T..T..T.T..T...T...TT..T........T......T.....T..TT...T...T.T....T.T.T......TTT...T.................TT.T............TT.T...T.T......T.T...TT.....T....TTTT...TTT.TT..TT.......T..
T.T...........T.....TT...T.T.TT.TTT......T.....T.TTT...T..T.T..T.....T.T.............T..TT.......T.....T.T....T..T.T..TT.....TT.T.....TT..T...T....T.........T...T...............T.........T...TT...TTT.......T.T.TTT..TT.......T.........T..T..............T.....T..T.T....T.T.T..TTT.TT...T..T...T.TTT.T..
T....T.........TT.....TT...TTT.TT...T.....T...TT....T...T....T..........T...TTT.TTT.T.T..TT......T.TT.....T...T...............T.T...T.T....T.......................T.T.....TTT..TT.T.........TTTT....T.T..T.T...........T....T..T......T.......T......TT.T.....T..T....T....T.......T..TT..TT.T..TT.........
.......T.T..T.T.T..T.T...T..............T...T.T..........T...T..........T.T...T.T..............T..T.......T..T....T.T.......TT.TT..T...T..T.T........T.T...T.........T..T.T..T..TT...T.TT...T.T.....TT.........T.........T...TT.T..T............T..TT......TTT..T.T.....T....TT..........TT.T..TT..T....T...
TTTT........T..T....................TTTT.T..T...T.....T..TT..T....T....T......T..T..TTT...T....T.T..TTTT.....T.....TTT......T.........TT.T...T.TTT...T.T.T.........T...T....T...T.......T......T.TT..TTT......................T.T...T....T.TT......T.T..TT..T.TTT..TT.T...........T.T....T.T....TT.T....T.TT
....T........TT.T......T...........T........TT.T..T.TT..T......T......T....TT.T...T.T....T...TT...T......T...T.T...T....T..T....TTTT..T........T......T......T...TT.T..TT.T..T.....T....T.....T.T.T...T.T..T...T..T..TT.T.T..T...TTT...T....T....TT......T.TTTTTT...TT.T..TT.........T...T...T.T.T..T.......
.T..T....T..T......T.........TT...T.T.......T....T....T.T......T..T.T..T......T......TTT..........T.T.T.TT...T.T..T..T.T.TT.T.....T......T.T...T...T.....T......T.T.T.TT..T......TT......T......T......T..T..TT..TT........T..T.......T.....T.....TT..........T...T.T........T.T.....TT.T.T.T....T..........
.....T.......T.T....T..T.TTTTT.T.....TT........TT.T.....T.T...T..T.T...T.........T..T.....TT......T.....T...T.......T....T.......T......T...TT.........T....TT.T..T.........T..TT..T.....T...T.T.......T..T....T....T....T.....T..TT..T..T.TT....T...T..TTT......T.T...T......T.T..T...T...T.......T.TT.....
..............T..........TT.......T......T.T.T..T.T.T..T.....TT....TT.T...TT.T.....TT.T.....TTT......................T.T....TT.T.T.TT..T...T.TT.T......T...T..T....T.......T........T.T.TT...TT....T..T.T.......T..T.......T.T.......T....T......TTT..TT.....TT.........T..T..T.......T.T....T.TTT..........
..T.TT..T......T...........TTT.T...TT.................TT....TT.T...T.T..........T.TT...T.........TTT.......T.T....TT..T....T....TT..T......T..T.............T....T....T....TT............T.T..T.T.T.............TT....T.....T...T....TT.T.......T..TT..................TT.......TTTT...........TTTT.T....TTT
T....T....T.....T....T.....T.....T.....T...T..TT.T..T.......T....TTTT........T....T.....T.TT............T.T...................T....T.TT.T.....T....T....T.T..T...........TT..T.T.T...T...TT.T....T...T....T....T.......TT.T.TT..T...T..T..TTTT....T.....TT.......T.T.........T...TTT.TT..TT..T..............
...TT................T......T....T.T.TTT..T.T..TTT.........T......TTT.....T...TT......T.TT.TT.............T.T......................T......T..T.TTT...T.T..T..T.......T......TT..T..T....TTT..T...T.TTT.....T....T......T.............TT.T.T.T....T....TT..T......T.........T.T..T..TT.....T.T...............
...........T..T......................T.T.T...T.....TTT......T.....T.TTT.T....T...TT...T....T.T...T.T.......T..T...........T..............TTT...T..T..T...........T.T..............TT....TT.T..T.....T.TT...............TT.T.T.T..T..T..T..........TT....T.T..T.......T........T...T....T.T........TT........
..T................T....T.............T..T..TT......T...TT.............T.T..TT.T...TT..T.T....T.T......T.......TT.T.....TTT...........T..T.T.......T.T.T.........T......TT...TT......T....TT.T..T....T.T.T........TT...T..T......TT.TT....T....T...T.TT...T..TT....TTT..T.T..TT........TT...T.T...T........T
T...T....TT......TT...T.TTT.T....T....TT.T....T...T.......TT..........T..TT.......T..T....T.........TT....T.....T....T..T......TT.T..T.....T.T....T.T......TT..T....TT...T...........T.T....T..T......TT..T.T.........T...T..T.........T.T.....T.T..T...T...T.....TT.....T..T.T.T.T.T....TT.TTT......T......
.T.T....T.T..TT........T..T....T......T.T.......T......T.TT..T...TT.TTT...T.T.TTTT.TTTT.TTT.T.T.....TT....T....T..TTTT..T.T.T.T..T......TT.TT.......TTT.T...T...T..T...T......T...........T..TT......T....T...T...T..T........T...TTT.........T.T.TTTT...T.T..TT..T..T.T...T...TT.T.........T.....T..T......
.......T.T........TTT......T...TTTT...T........T..T.......T.TT....T......TTT..T.............T.........T..T..TT.....TT.TT...T.....T....T....TTTT.........T....T....T....T.T..T.T..T.T.T..............T.TT...T...T.TTT...T...T..TTTT.....T...TTTT.T...T......T........TTT.T...T..T...T.T.TTT....T......T.....T
T......T.T..T......T.TT.T......T...T...T..TT.TTT.......TT.T.T....T.T..........T..T...............T.T...T......T..T..T...T........T....T.........T....T........T..T...T..........T..TT.T...T.......T..TTT.TT.TT..TT....T.......TT......TTT.....TT...T.......T.T.....T...T..T.......T.....T.T....T..T.....T...
........TT.T..TT......T.T............TTT..T....T.TT......T..T..T.........T..T.......TT....T...T.T.....T............T.................T..........TT.T.....T...TTTTT.T.T.......T...T........T............T..T....T.......................TT......T..TTT.TT..T......TT...T.....T.......TTT...T...TTT...T.......
.T.....T....T................T........TT.......T............T..T.T.........T..T........TT......TT.....T......TT.T..TTT..T....T..T.T..........TT........T.T..T.TT......T....T...T.TTT........TT.T...T.............T.....TTT......T......TTTT......T..TTTTT...TT.....T.T.T..TT..T.......T........T......T.....
....T...T........TT.....T...............T...T......T.TT..........TT....TT...T......T..T...T.....T.TT.....T....TT...T....TT......T...T.....T.......TT..................TT.T.T..TT.T.T...T...T...T...TT....TT.T..TT.......T.T...TT......T..T....T.....T...T..........T..TT.T.....TTT...T........TT....TT..TT..
......T....T.TT.....T......T...TT.T.........T..T....T..........T......T.T.....TT..TT..TT....TT.T..T....T.....TT.T.TT.T..T..........T....T...T......TT......T....T.T...........T.TT.....................TT..T..T...TT....T.T.TT..TT..T.....T.T..T..T...T........TT.....T..T...T..TT............T....T..T..T..
...........TT.........T...T....T.....TTTTT..T.T.......T........T..TTT......T.......TT..TT.......T.T......TT.T.TT...T....T........T...........T..T...T........TT....T....T.T...T....TT.T.T..T....T.......T...........T.....T......TTT.....T......T.T......T............T.T.T..T...TT..T.T...T..T......T..T...
TT.T...T........T.....TT.....TT.T.T...........T....T...T..T....T........T....T..T..T................T........T..T.T.T..T..T...T.........T......T...T..........T.T.......T...TT....T.................T.T...T.......TT...TT...T...T....T.TTT..TT..TT....T..T...T...T..T.....T.....T...........TT..T....T......
.....T......T...T.T......T......................T.T...T........T.TT.T.TTT.T..T.........TT..T..T...T......T..TTT........T.......T..TT......T...T.....TT.TT..T.TT...TT...T....T.T........T.TTT....T.TT.......TTT....TT...T..TT...TTT..T.T.....T.............T........T...TT....T...........T...T..T.T..T.....T
...T....T.............TT..........T.T....TT.T.TT....T...T..T..T..TT.............T...T....T.TT...............T...T.T.TTT....T..TTT........T..........TTT..T...TT..TT.....T...T..T.T....T..T..T..T.....T.T.........TT.....TT.T..T...TT......T..TTT....T....T.TT.T....T.......T.....TT..T.........T.T..........
T....T.....T..TT.T.T..T.TT..T........TT.......T......T.....T.T.....T..T...T........TT...T......TT.TT..T.......TTT.T...TT....T.........T....TT.T..T.T..T...T.T.T...........T..............T.TTTTT...T..T.T.T....T.TT............T....TT..T.TTT......T.TTT....T....TT...T.....T.....T..TT......T.TT....TT.....
T.T.T....T.TT.........T.....T.T..TT...T....T..TT.T.....T............T........T...T...T....TT........T........T.....T........T..T.T......T.T.T.T...T.TT.T...T.....T......TTT.....T..T..T.T.....T...............TT..T.......TT..T......T...TT..T......T..TT..............T....T......TT.T...TTT.T.T.T..T...T..
..TT........TT.T.............T...TT.T.......T.T..TT.............TTT......T.TT.T.T..T.....TT....T......TT...T...TT..T...T...T..T..T..T.T.T..T....T.TT.T.....T..T.TT....T.......T.....TTTT...........T...T...TT......T...T..T..T...TT...........T....T.TTTT.T......T......T.........TTTT.........TT.T...T.....
T.TT..TT....TTTT....T.T.T....T.T.T.......T.TTT..T........T.T......T..T...TT.T..T...T.........TTT....T........T....T.T.......TT......T.T.TT......TTT..T........T........T........T.T.....T.TT.T......TT.....TT....T...TT.T.T.................T........T...T......TTT...T..TT....T..T....T...T..T....T...T....
...T.TT.......TT..T..T................TTT.T.T....T.T..T....T...T...TTT.TT..T..........T.T..TT......T.T.T..T.T......T.T.TT...TT..T...T.TT.TT..........T.TT.....TT.T...T...T....T....TTTT....T....T..T.T......T.................TT.....T...............TTTT...T....T..T.....TT.T..TT.T.T.....T...T.T.T.T.....T
...T........T..T.....T....TT.TT....T.T...T.......TTT.TT.......TTT...T.T.TT...T...T.T...T.T....TT...T.T....T......T.........TT....T.T........T............TT..T..T.........TT.......T......T........TTT.T.T..TT.T......T.T.....T....T......T..T.......T..T.T..T....T...T......T.....TT.....T.T.T..TT.TT..T...
T.......T..TT...T.....T.............T...TT....T.........TT..T.........T............T.....TTT.T.TT.....TT.......T.T........T...T..........T...T..T.T.T..T...T.....T..T.T.......T.......T...T...........T....TT..TTT..T....T.....T..T.....T...TTT..T.TT...........TT.T....T.T...T.TTTT...T..........T.T.T.T.T.
.......T.T....TT..T..T.T..T.T.T....T....T..T......T...T.TT..TT.TT.T...TT.....T.T..T........T.................T.T.T........T...........T.........T........T..T......T..T......T..T.T...T....TTT..TT.T................T....T....T.....TT..T.TT..T....T.T..........T....TTT.......TT...T....T.TT....T.....T..T.
T..TTTT.T.TT.T.......TT........TT..TT.T..............T.T.TT......T...T.T....TT.......TT.....T..T...T...TT.....T..T..T...T.T.T....T.T...T......TT....T.TT....T.............T..........T..T........T.TT..........T......T.....T.....TTT..T....T.T......T..T..T.T..T......T.T....T..T.......T.....TT...........
T...TT......TT....T....T.......T..TT...T.T...T.T.T...TTT..TT.....TT.T......T....................TT..T.TT.T....T...T..TT....T....TTTT......T..TTT..T...............T..T............T..T..............T..TT...TT.T..T...T...........T......T...T.T.TTT.T..T..T..T..T..T.....TTT...T......T.......T...T..T..T.T
..T..T..T....T.............T..T.TT..T..........T....TTT.TTT.....T.T..TTTT....T.......T......T...................T.T.T.....T.T..T.TT..T.TT...T.T.....T..T....T...T.T.TT..TT..TT...TT......TT.T..........TT........T..TTT...T.....TT....TT.T.........T.T.TT..T.....T..T...T.....T............TT....T..TT..T..T
TT.....T.....T......T.....TTT.TT.T.....T.............T.T.T...T........T.........TT.TT.......T....T..T...T..T.T.T......T..T..........TT..TTT.........TT.T.T.............TTT...........T.TT.T.............T.T..T....T........T..TT...........TT.....TT.T......TT............T..................T......T......T
T.T....T...T....T..T..T........T...T.....TT..T.....T......TT...T.....T.T.....TT.TT...T..T.....T.....T.........TT.....T..T............T.T..T......TTT.T......T..T...T..T....TT....TT.........TT.T...T......TT......TT.....T...T.......T......T..T....T...T........T.T.T.TTT.....T...T.T.T.............TT....T
..TTT.....T.....T.........T....T.T.......TT...T.TT..T..T...T........T.....T.T......T.T...TT....T......TTTT...T...T.TT......TTT...T..TTTT.........T....T.......T..TT......T....T......T.TT...T.T.....TT...TT..TT........TTT.........T.T........TTT.....T....T..T.....T...T......T...T.......T.TT..T........T.
...T.T....T................TTTT......T.T.....T....T...TT..T...T.......T....T.T.T.T.T....T....TT....T.T.....T..T...TT..T.TT..TT.....T.T...T..TT....T...T..T...T...TT....TT...T.T.TT...T..TTTT....TT.TTT.T.....T........TT...T.T.T....T.T.........T.......T.T.........TT..T....T..T.T...TT.T...TTT.T...T....T.
.T...T.T..T...T..T..T...T.T.T...T.T......TTT.TT.T..T.....T.TT...T...T.....T.T..T.T.T.T.T.......T.TT..........T.T...T.T.....T.........T.TT.....TTT.......T.......T..T..........TT......................T..T......TT.TTT..T.T..........TT.........T.....TTTT.........T....TT..TT....T......T.T..TTT....TT.....
....T.T.......T...TT.........T..T.......T......TT....TT....T...T.T.....T..T..T....T..T.T..T..T.....TT..........T.......TT.T..T..T.T..T.....T....T...T....T..T..T......T...T...T...T...T.TT..T.....T....TT....T...T...........T...T....T..TT.....T...........T.T.T.....TT..TT.........TT....T..TT..T......T..
.T....T.....T......TT...T...TT...T....TT..T...TT.............T......TTTT......................T..........T....TT..T......T..T..T.........T....TTT........T.T.T.T..T..T....T..T...TT................T.T..T...........T.T.T....TT.....T..TTT.T.T...T...T....T.TT.T....T.TTT.T.....T...T...T....TTT..TT....TT..
.T....T...........TTT.....T...........T..T...T.................T.T.T..T....T..........TT.TT.T......T.......T.TTT.T.T.T......T.T.TT....T...............T..T...TTTT..T....T.........T....TT.....T..TT....T...T.T..T....TT..TT....TT......TT......TT.TT..T.T.T.T..T..T....TT.T......T..T.T.....T.....TT..T.....
T.TTT.....T.T....T...T.T..T....T..T..T.T..T.T..T..TT.T...T..TTTT..TT..T.T.T............T....TT.....T....TT...TTT....T..TT.T.T.T....TTT...........T.....T.....T.TT..T..TTTT....T..TTT.T.T...T..TT....T....T.......T.......T.T..T.....T.TTTTT.....TT.T....TT...T.....T...T.T......T.T..T.T..TT..T...T...TT..T.
..T.T....T...T...T..TT...........T..T...T...T............TTTT..T.T...T......TT.T..T.T.T........T........T.T.TT....T.......T...................T..T....T..............T.TT...TTT..T..T.......TT..T......TT.TT......TT....TT......T.T.....T.T...T...T....T.T..........T.........TT..T...T..T..TTT.....T..T.T..
.T.T.T.......T...T...T..T..........T.T.TT.T.T.T.T..TT.TT..TTT......T.....TT...TT.T........T....T...T..TT.......T....T.T.T.T.T...T.TT.......T..T.T.......T.......T....TT..TT...T..........T.....T.T.....T.....T....TT......T..........T.T.T......T...T..T...T...T..TT.....T...T.T..T.T...T.T..............T..
..T.T..T............T..T.........TT......TT...T..T....T.T..T.T...T.TTT..T...T.....TT..T...T.T...T.T.T......TT..T...TTT....T..TTT....T.TTT..T.....T.....T...T..........T...TT..T...TT.TT..T...T..TT........T...T..T..T.T.TT.........TTT....T...T...T.....T..........TT....T.TT..........T..........TT.TTTTT..
T..TT................T.T.....T...TTT..TT.......TT.T..T....T..T.......T..TT...TT...T.......TT........T......T.T.T.T..T.TT..T.TT.......T.....TT....T...........T...TT.T....T..........TT.TTT.T.TT..TT...T......TT.TT....T.........TT..T.T...T.T..T.......TT...T.T.TTT......TTT.T..T.T......T.......T...T...T..
.....T.T.....T..T.T...T....TT.T..........TT............T...TT.T..T....T.TT..TTT...T........T...T..............T.....T.T........TTTT...TT...T..T...T.......T..T...T.TT.TT.TT..T.....T.........TT........T..T...T...T...T.T.........TTT.........TT.T.T....T.T..T.T.......TT..TT.T.T.......T.....T.TT.T...T..T.
...T...TTT.........T...T.T....TTT..........T.T.....TT.........TTTT.....T.TT....T......T.....TT.........T.................TT.TT..T....T..T.TTT...T.T..T...T........T.T..TT.TTT....T....TT.TT......T..........T................TTT......T.........T..T.TT.T..T...T.............T.T..........T..T...TT.......T.
....T...........T..T..T.......T.TTTTTT................T.T....T....T...T..T.....TT....T....TT...T....T...T....T.........T..TT...TTTT..............T...T........TT..T...TT..TT.T........T....T.....T...T.T.....TT.................T...T..T...T.......T.T...T...T.......T....T..T.....T............T...TTTT...T
...T..T......TT..TTT...T.T..T..T...........TT.......T.......TT..TT.T.....T.......T.......TT............T.TT...T.T.T..T..T......T..T....T...T..T.T......T...T......TT.T..T.T.....T....T....TTT.........T..TT.T.......T..T.T.TT.TTT.....T....TT..T......T.....T.......T.T.T..TTT..TT.......TT....TTT.........T
...T.T.T..............T......T.....T....T....T.T.TT...T.....TT....T.TTT.........T.T..T.TT.....T....T.TT.TTT.....T...T..T...TT..TT.T....T.T...TT..TT.TT........T...T..T..T.T...........T.TTT....TT.T......TTT....T..T..........T.......T.....TT...T.T...T.TT.T........T.......T..T....T.......T......T...T...
.......TT.TT........T.TT..TT...T........T...T.T......T...........TT.T.T......T.........T.TT.....T..T..T.........TTT....T.T..T.....TT....T.....T.....T.T..........T..T...TT...TT.TT.T..T..T....TT.T...T...TTT.TT........T...............T..TT.TT.TT.....TTT.T..T..........T.T......T........T..T....T........
.TT..TTT.T....T........T.......T.T...........TT.T.TTT.........T..TT.T..T.T...TT..........T..TT....T.T...T...T......T.T...TT......T..TT.........T.T.TT..T.T.....T..T..........TT.T.T..T.T....T.....T....T.T.TT.TT..........T...............T......TTTTTTT.T..........T............T...T......TT.TT.T..T......
....T.T...T...........TT............TTT...TT....TT.T.TTTTT...T...T.....T....T......T.T..T..T.T.T.T..T......T.............T.....TT.T......T...T..T.....T.....T...T..T..T...T...T.....T......TT.........TT......TT...T....T..........T........T.....T..............T....T.TT.T...T.TT............T......T...T.
...T....TTT...T....T......T.....TTT.T.........TT.TT.T.....T..T........TTT.T......T..TT.....T.T...TTT.T.....TT..T...........T..........TTTT.....T.T.TT....T.T........T..TT.............T.TTT....T........T..................T....T.T.T.....TTT.......T..........TT..T..T......TT...............T.T..T.TT..T..
...T......TT...T......T....TT.TT........T..TT..........TTT......T...........TTT....TT...T...T..T...T......T.......T.....TT....T....T.............T..T....T...T.T.T.T.T.T..TTT....T.........T...T....T.....TT...T.T....TT.T.....TTT.T.T.T.TTTT.T.T..T.T.T....T......T........TT.T.T.....T..T...T...TT.T..T...
...T.T.....T.....T..T.TTTT.TTTT.....T.......T...T....T..T.....T.....T....T..T.............TT......T...T...T...T...TT..T...T.....T.T..T.........TTT.T.T...T..........TT.....T......T..T...TT.T.....TT..TT....TTT......TTT...T.TT..T....T....T..T.......T....T.T....TT.TT...T......TTTTT.T.......TT..T....T...
.T.T.......T.TT.T......T............T.T......T.TT...TT..TT........T.......TTT.....T...TT..T.TT......T.....T.TT..TTT.T...T......TT.T.TT..T..........T......TT..TT...T.....T.T.........T..T....T....T...........TT.TTT...T....T...TT....T..TTTT............T...T..T..T..T...........T...T....T.TT..T.......T..
.T.........TT...T...T..T..T.....TT...T...T.TT...T.......TT..T..T..T.......T..T..T...T......T.TT....T.T..T............TTT.TT.....TT....T..T...T.T.......T.....TT....T.T...T........T...T.TT................T..T..T......T..T.T.TT..T...T...TT..........T..T..T...T...TT....T.T..T....TTT.T..........T..T.....
T.T..T.TT....T..T....T.TT..T.T......T..TT.T.....T.T....T...T...........TT.............T.T..T.T........T.......T.T..T.T.T...TT...........TTT.T.T........T..T...T.......T..T.......T...T....T...TTTT..TT............T...T...T.........T.TTT..T........T....T.T...T.........T..T...TT.....T..T..T....T.......T.
...TT.T.....TTT.....TTTT...........TT....T.TT....TTT..T........TTT.T...T............T..........T....T.....T....T...TT....TT.T.T...T.T.T..T.T.T...TT.......T...T..T.TT.....T......TT.....T......T...T......T...T....TT...T..T..T....................TTT.....T..T.....TTT..T.......T......T....T...T...T.....T
T....T..TT.T....T....TTT.....TT.......T.............T...TT....T..T........T.T.TT..........T...T..TT.T.T......T........T.............T.T.T.....TT.T...TT..TTTT.........T...........TT...T..T...TT.......T.T..T.T.T..T...TTT........T......TTTT...T..T......T....TTT........T.TT.T..........T......T..T...T...
.....T...T..T...T...T.T.T.......T......T..................TT..T..T.T...T......T...........T........T....T...T.T....T....T...T...T..T..T..T........T.T.T....TT....T...T..TT..T.....T.T....T..TT...T.........T.T.T.....T.T...TT.....T...T.TTT.......TT.T.T.T...T.T..............TT.T...T..T....T...T..T..TTT.T
..T..T...T.........TTTT..T.T.....TT....TT..T...........T...T.T.T...T...TT........T.T.TT...TTT.T..T.T..T....T..TT.......T..T...TT.....T...T..TT.....TT......T...T......T.....T.T...T......T.T...TTT.......T.T.....T...T....TT.TT...T.....T.T...T..T.....T........T.....T.TTT..TT...T....TT.TT.T......T...TT..
..T.T.T........T.T...T.T.....T.................T....T...TT.............T...TT..T.TT...T..T..TT.TTTT.T.TT...T..TT.......TTT......T.T.T...............T..TT..T.T..T...T......TTT...T..T...TTTT...T......T.T....T......T..TT....T..T.T.....T..TT...T......T...T..T.....TT............T........TTT.T...T.TT.....
.T.T.T..T..T.T.T..TT....TTT......T.T...T..TTT....T..TT..T.......T.T..T..T.TT.....TTT......TT.....T.........T...TTT.....T..........T..TT.T.T..T.T.T.T.......TTTT..T........TT.......T.T.TT..T..........T....TT.T....T......TT.....TTT........T.T.T.....T...T.T.TTT...............T...T..T.....T...T...TTT..T.
..TT.T....T...T.....T....T..T..TT.T...............T.T...T...T.T..T.....T.T...T.........T.....T.............TT......TTT........T....T...............TTTT...TT.T.........T..T.T........TT..T.TT.T.T..T..T.T.T.TT..TTT.TTT..TTT..TTT..T.........T..T.T.......TT...TTTTTTT............T...TTT.T...T......T...T..
.T...........T...T...T...T.....T.TTT..T......T.TT.....TT....T........TT.....T......T......T.T...T.......T.......T...TT..TTT.T..T.....TT........TT.........T.T..T.TT.TT....T..TT....T.T..TT...T.T...............T..T...T.......TT.TT.T..T...........T....T..TT.....T..........T.......T...T.........TTT...TT.
.T....T...T.........T...T..TT........T....T...TT..TT.T..T..T.....T.T...........T..T......T.T..TT.TT.........T......T...............T....T.T..T.....T...T.T.T..T.T.......T....T..TT...TT..T..T.................T.T.....TT.TT.....TT....T.T.T......T.....T....TTT.....T....................T.T...T.T.T........
.T..T.T.T....TT....T..T.T.....T.TT.............T.....T.......TTT...T............T...T........TT.T.......T..T..T.T..T.....T.TT.........T..T...T...T.TT.TT......T......T..T.T...........T..T..T.TTTTT.TT....TT.....T....TT..T.....TT.T............T.....T...T..T..........T....T.TT.......T.T..T.....T..T.....
.TTT...T.T.TT.......TT.T...........TT..TT.T.TT............T....T.........T.T...T.........T..........T.T.T......T....T.TT......T.T..T.......T...T.....T..T...T.....T...T.T....T.T.....TT....T......T..T.....TTTT....T..T..T.T......T....T...T...........T................TTT....T...............T...T.T..T...
....T..T........T................T...........T.T.....T......T............T.T..TTTT...T.TT...TTT......T.....T..TT.TT..T............T..T...TTTTT..TT..T....TT....T.T...T.TT.TT....TT..T.T.....TTTTT...T.T....T.....................T.TTTT.....T.T.........TT.T......T.T.T..T.T....TT.......T....T.T...........
.T...T.T...TT...TTT........T.T.TT.T................T...T..TT....T..TT....T..T.T..TT....T..T.T..TT.T.TT.............T...........T...TTT......TT.T.TT.T.......T........TTT.TTT...TTT..........T...T..T..T....T.T...T..T.T.T.......T........T.........T.............TT...T..TT......T...T.T.TT...........T.T.T.
...T....T...T...T.....T...T.....T...T.....T.T....T.T.TT......TT.....T........T..T.T...T...T.T.TTT.....T....T.......T.TT..T....TTTTT.............T..T...TT..T.....T.T....T...T.T..........TT...T...TT...TTT.....T..TTT.....TT...T..T.T.T......T...T...........TT...T...T..T......T.TT........T...T.T.......T.
...........T....T....TT.......TT....T.T...............T.T.....TTTTT..T.....T.T.....T............T..TT..TTT...T.....T...T.....T...T......T...T.T...........TT.T...T.....T...........T....T.T.T.......T..T.....T...T.TT..T...T.T.T......T...........T....T...TTT...TT....T...T.T.T..T.......T.T...TTTT........
..TT...TT...T..TT.............T............T...TT.T..T.T....TT.T....T.T..T.TT..........T..T....TT...T.........T.T...T.............T.T.T....................T.T...TT.T.T...T..T........T.......TT.T....T..........T......TT.TTTT.T.....T......TT..T...T.T....T.TT....T..T.............T......T.T..T..T.T..TT.
..T....TTTT..T......TT..T....T.....T..T..................T..T..T.....T..T.T.....TT..TTT.T..T......T........T......T..T..........T....T........T...T.......TT...T.....TT...T.TTT.T...T.T...T..T.T.T.T..T.T.TT..T.T..........T.....T.TT..T.T.T.TTT.T.TT.........TT..T....T..........TT........T...T..T.T.T...T
.T.TT.....T.....TTT.......T........TT.T..T..T.......TT...TTT...TT.....T..T...............T.T....T...TTT.T...T.T....T.......T.......T..T...TT....T.T.....T.T..TTTT.....TT..T.......T.....T...T...T....T...T.T.TT.T.TTT............T..TT..T..........TT...TT..T............T.TT......T.............TT..T....TT
..T........................T.TT.......T.T....TT..T.T...T.TTT..T...T..T....TTT..T...TT.T..TTT...T.....TTT.T....T......T.....T...T.T...TTT..T..TT..TTT..T.TT.......T.....T..T.T......T..........TT......TT.......T.T...T.......T.TT......TT.TT..T.T....T..T........TT.T......TT.........TT....T.T...T.....T...
.......T.......TTT........T.T.T.T...T......T.......TT.TT.TT..T.T.T....T.....T.T.TT....T.T...TT.T.....TT.......T.T..T.T.T..T................TT...T.....T..T....T.T...T...T...TT....T..T....T....TT..T.T...T......TT..TTT......T...T..TT........T.TT..T........TT.TT.T.....T...T.T.T.TT....T.T...T.T.T........
T.T.TT.......T..T.T......T.T........T....T...T..TT..T...T....T...T...TT.TT....T...T....T....T....TT..T.................T..T..TT.T.......T.T.T.....T.T...T.TTT......T...T..T....TTT.T......TTT.TTT.TTT.T....T.T....T.............TT..T.TT....T..T.............T..T..T.TTTT...T....T.......T......T......T.TT.
....T..T.........T....T..T.T...........T.TTT.T..T.TT.T..T..................T...........T.T.....T.....TTT.T........T......................T.T..T......T.T..T...TT...T..T.T..TT.T......T..T..TT...T...T.T.....TT......TTTT..TT......T.....T..TT....TTTTTT.........T.......T...TT.......T..........TT.T..TTTT..
.....T......TT.TT..............T..TT...T.T........T.........T...T....TTT..T...TT..TT.T.......T.....TT.....TTT..T.......T............T..T...T.T......T........TT......T.......T....T......T.T.......TT..T.T.T.......T..T...TT.T......T...T....T..T...T.T.....TTT.T......T......T...........T...T.T...T.......
T..TT........T...T..........TT........T.....T..T.........TT....T...TT....T.TT...............T..T.....T.........T.....T...T......TTT........T.TT...T...........T...T..T.......T.....T....T.......T..T.T.TT....T..T.T..........T....T..T....T.T.T...........TT........TT.T.TTTTT.T.T.....T.TT.T.TTT.T..T.....T
.T..T..TT....T....T..T....T..T....T..TT.....T.T.T....T.......T......T..TT.TT.T...TTT..T.........T.T..T..T.T..T.....T...T.TT..T..T...T....T...T........TT.T..TT...T.TT...T.TT..........T..T..T....TTTT.......T.....T...T...T.....T.............T..........T............T...TT.......TT.....T.T..TT....T.T.T..
....T.T.....T.T..T.......T....TT..T.T...TT.............T....T.T.........TTT.T..T..T......T..TTT.....T.......TT.TT...T....T.T....TT.....TT.T.T.T...TT..........T..........T..........T.TTT........TT................T.T..TT...TT....T..........T....T...T....TTT.T..TT.T.T.........T..T.....TT...........TTT.
.T.....TT....T.....T..TT..TT.T.....TT..T................T....T..T..TT.TT.......T.T.TT....T.....T.T..TT....T.T.TT..T.T...........T..T..T.T..........T...T.T...TT.T..T.............T..T...TT...T..TT.....TT..T..TTT..T.T.T......T.....T..TT..T....T....T.....TT.T...T..TT.......T.....T.......T.TT...T.T.T....
.....TT.TT.T.T............TTT.T...TTT..T.............T..T......TTT.....T.TTT....T.T......TT.T.....TTT.T..T....T.TTT...TT....T..TT...T.......T.TT...T......T.TT...T......T.....TTTTT.T...TT.T...TT..T...T......T...T....TT.T........T.T..T........TT....TT..................T..T......T...T.........T.T.....T
......T...........T...T.......T..TT.T.T.....T....T...TT....TT.T...........T.T..T....T.....T...T..T....TT.T......T..T.T.......T.............T...T....T....TTT.......TT............TTT....T..T...T......T....T...T.TT......T.T..TT...........T.T.T...T..TT..T.T......T........T.T...TTTT..T..TTT...T.TT..T....
.TT..TTT.T.TT...T........TT.....T.T...T.......T.T.T......T..T....T...T...TT..T...T....TT.T..T....TT......TTT..T....T.T..T..T....TT...TT.TTT..TT..T......T...T..TT.T...T..T..T....TT.....T....T..T........T..T........T....T..T....T.T...T.........T.T.T.........T.T....T.....T....T..T.T.......T.......TT...
..T.......T.TTT......T........TT........T.TTT...TT.T.......T..T.T.T.T..T.T..T.......T.T.T.T....TT......T......T..T..T.TT.T....T..T.T.....T..TT..T...T......T..TTTTT....TT.T.......T....T....TT.T..T.TTTTT.TT........T..........T..T..T...T.T...T...........T.T..T.TT..TT.T.T....T.........T.TT.TT...T...TTT.
T.........T.T...........T.T..TT.....T.T..T......T............T....TT......TT..T...T...T.........TT....TT..T.TT....T.....T...T....T..TTT....T....T..TT.T..T.....T..TTT.T..T.T...............T...T..T.......TT.T......TT...T.........T......T.TT..T...T..................T.......T.......T...T..T....T..TT....
..............T......TTT.T.....T.TT.T.TT.........T.............T.TTTTTTTT..TT.....TT..T........T..T..................T.T.........T.....TT......TTTT...T.........TT...TTT..T..T..T..TT..T.TTT..T..T...T.........T.T..............TT....T...TTTT..T.....TT..TT......T.T..........T...T.....T........TT.....T..
...TT.T...T..T...T.....TTT..TT......TT...........TT.........T.T..T..T.........T..T...T..........T..T.......T..T.........T..............T......T......T......T.........TT...T....T......T.........TT.TT...T.T....T.T..TT..T.T.T.......T.T...T..TT.......TTT...TT....T....T.....T...T....T..T.T.....T.T......T
.........T.T..T......T.................T.......TTTT..TT.T........T..T......T......T.T.T..T..T....T..TT.T.......T.....TT...T..T.T.T..TTT.T...TT..T........TT.......T...TTT.....T.TT..T.T....T.T...T.TTT.T......T.T...T.T....T..T.T.....T.T...TT.......................T......TT.......T........T...TT..T....T
.........T.......T.............T......T.T...T.....TT.T.T..T..TT..T.T...T..T.....TTT....T....T..T............TT.T.......T.T.......T.T..T.......T.T.T......T....TTTT...T.T.TT.........T...T..T.......T.T.T.....T......T.TT..T........T.T.T..TT.....TTT...T.........T..TT...T...T....T.....T.....T.T.T.T..T.TT.
.T..T..T................T.T..T..T..T.....TT......T.TTT....T.T....TT.....T.......T....T...T..T.T...T.....TT.....TTT.T.T.T...TT................T..........TT.....T.TT.......TTTT....T..T....T....T.......T..T.....T.T..........T.......T..TT.............T..........T..........TT....T..T.T........T..........
..T.....TTT.T...T.......TT...............T...T...............T.T..T.TT..T.TTT.T.T.....T.......T..T....T....T...TTT...TTT..T..T.T.T..T....T...T.......T.T.......T....T......T..TT..T.....T....T....T..........T.T..........T.T.T..T...TTT.T.........T...T...TT...T....T...T...........T.TT..TTT..TTTTT..T.T..
T...........T..T...TT...T...T..T.........TTT..T.T.T....TT......T...T..T..T.T.T..T.T......T.....T..T......T.T..T.......T........T......T..TT.T....T....TT....T.....T...TTT.T.T.T.T.....TT.........TTTT....TT.TT..T.....T......T..T..T.....T..TT......T...T..T...T....T.T.....T...T.T....TTT..TT...........T..
.T....T...................T.T...T.T...........TTT.T..T....T..TT.T.....T.....TT.T..TTTT..T......T.T...TTT..................T......T...T...T..T.T.............TT.....T.T....T........T...T.T.....TT..T.T........T.T....TT.T.T.....TT.T..T...TT................T.TT...T...T..T.........T.....TT..T...T..T..T..T
..T.TT.TT.TT............T.TT.............TTTT.T...TT.T.T........TTT...T.T.T...T...T....T.T.T..T....T......T...............T..TT...TTT....T.T.T.......T...T...T.....T..TT...T........TT.T.T..TT...........T......T......T.T...TT.....T....TTT.....T.TT...T..TTTTTTTT....TT..TT.....T....T.T..T..T..T..TTTT..T
T...............T...T.TT.T...T.......T.T.........TT......TT.........T.TT...T........T...........T.....T...TT...T...........TTTTTT...T....T.TT..................T.TT....T....T.T.T...T...T.T.TT.T..T...T.T.T....T....T..T.T......TTTT....T........T.T...TT...T..T........TT..T.T..T.T...T..T........T.T.....T
.TT..T..T...TTT.T...TT.T...T.....T.T.....T.....T..TTT..T......T..T....TTTT......T.TT...........T.T..T.TT......T...T.....T..T.............T....T.......T..TT.....TT...T....T..T......TT.........T...T......TTTT....TT.TT..TTT.......TT..T..T..........T..T...T.....TTTT.....T..T.T......T...T..T...T....TT.TT
...T..T...T.T.T.T.T...TTT....T.T...T..T...........T..T..T..T..TTT.......T.............TT......TT....T...T.......T....T......T.........T.....T.................T...........T.T...TTT.T..T................T...T.....T.........TT...T......T.......T...T...TTT.TT.T.......T...TTT.T..TT......T...T...T..T...T..
..T.....T..T..T...........TT..............T..TTT.T.TT.....T...TT.........T....T.......T.T....TT..TT.T...T....T.TTT...T..TT...T..T......TT.....T.T.........TT...T.....T.T..............T.T....T...TTT..T...T.......T..TTT.TT.T...T...T.......T.......TT.T.......TTT........T..T..T...TTT..T....T...T..TT.T.T.
...T.........T..T...T....TTT....T..T..T......T..T....T.TT..TT.T...TT...T..T....T.T.........T....T.........TTT...T.T.............T.T......T........T..T....TT.T.T...T.T..T...TTT............T.T.........................T..T...T....T......T.....TTT....TT..T...T.TTT...T..T.T......T.......T......TTT.......
..T....T..T..T.T.T.....T..T...T.......T.....T.T..T..TT....TTT.TT.........T......T......TT.....T.....T......T.T...T..T....T.T.T.TTTT...T.TT.TT.T....T..T.T....T.....TT.............T.TT.......T......TT......T.............T....T.T.TTT..T.T.....T.....TTT........TT....T.T..T.T..T.........T...T..T...T.T.TT
...TT.T.T.T......T..TT..T...........T..T.T......T.T....T....T.T.....T..T..T...........T.....TT.TT.....T.T.........T.........TT.........T...............T....T.TT.T.T.....T....T...........TTTT....T.TT.T...........TTT.............TT....T.T........T......T..TT.............T..TT..T..T...........T.......T
....T.T...T...T.T.T...T.......T...TT.T..T...TT..T..T...T.TT.....TT..TTT.T..TT....T....T...........TT.T.....TT.T.....T..T....TT...TT.TTT.T.T....TT..T..T.....T.T..TTTT.....TTT...........T..T..T...TT....T......TT.T.....T.....T.T..T....T.T.....T..........T.T..TT...T...TT.....T.....T.TTT.T.....T...T....T
....T...T....T...T.T.T..T.......T.T......TT........TTT.......TT..T......T..TT.....T....T.T...........T.TT.TT.T.............T........T..T....T...T..T.T....T.T.....TT.T..TT......T.T..T...T.....TT.T...T.....T......T...T.....TTTT.......T.T.T...T....T..TT....T.T.............TTT.....TT...T........T.......
.T...T.T...T...........T......TT.T...TT........T......T.......T..........T.T.T.T.T.TTT.....T.T.....T........T..T.T...T..T...........T.T......TT..T..TT...................T...T..T..TT...T...T......T.T........TT.T......TTT..TTTT....T.....T...............T...................T.T.T.T.T........TT..T.....T.
...TT.....T.T...T.T..T......T........T.T..T...TTT........TT...T.T.........T..TTT....T.......T...........T....T...TT....T..T............T..........T.T.T...TT....TTT...T.T..TT.................TT..T.T.......TT......T.........TT.TT......TT.T.....T.T...T....T..........T.T.....T....T....T...........TT..T.
T...T............TT..T.............TTT.....TT.TT..T...T.....TT.T.T..........T....T.....T.TTT...TT.TT......T.....T..TT.T.T.....T..TT.T....T.....TTT..T.T....T..T.......T.T..T...........T....TT....T....TTT.T...TT.....T...T.T....T.........T...T..T.TTT..TT.......T.T..T.T.T....T.T..TT.....T.T.............
..T.TT.....T........T..T.T....T..T...TT.....T.T..T.T..............T.T.T...T..T....T................T..T.T..T...T..................T..............TTT..............T.....T.T.TTTT.........T.T.T.T......TT...T...TT....T.T......TT..T..T..T...........T....T.....TT...T.T.....T.....T...T........T.T.T.T......
T..........T....T..T...T..T..T..TT....T.TT..T...T.TT.T.......TT..T.T..T.T......T...TT.TT..T.....T.....T.TT..T..TT...T.T..T.TT..TT....T..T.TTT..T.T.T.....T.T........T.T............T..T......T....T...........T..............T.T....TTT...TT.T..T.T.T...T.......T.T.T.T...T.T.T.TT.TT...........T........T.T
....TT.TT.....T.T.T...T.T............T........T..TTT.......T.....T.......TT....TT...T....T.TT...T.......T..TT...T.....T....TTTT..........TT...T......T.T.T...T......T......T.........T...T..T..T..T.TTT...T.T..TT..T........TTT..T.T....T....TT..T.......TT...........T...T...T..TT..T.....T....TTT.T.......
.....T....T..........T.T........T.....T........T.TTTT.T..T...............T..T..T.T.T..T..T....T.TTT...T.T...T..T........T............T.T..........TT....T..T.T....T..T.T...........T.........T.....TT.....T.TT.......T.T..T.T.TT.........TT.TT..T.....T.....T...T............T.T....................T..T...T
..........T.T.TTT...T.....T.T...T....T.T..T...TT........TT....T.T..T..T.TT.....TT.....T.......T...T.........T......T..T.T......TT..........T..T..T......TT.T.....TT...T.....T.T..T..TT.......TTTT.TT.....T.T.T....T.T..T.T....TT..T.TT.......................T.TT...TTTTT.T..T.T......T....T......T.........
TT.T.T..........T..T.T.........T..T....T....T...........T...T.T......TT.TT.T.....T...T........T...T.T......T.................T.T...T.T......T...TT...TT..................T.T..T...T...T.TT..TT...T...T.TT.T....T.T............T.......T....TT.TT....T..T............TTT..........TT.............T......T....
T.TT.T..T....T.T...T..T...........T.TTT...T..T.......TT....T..T.T.TTTT...T..T.TTTTTT........T.T....T.T.....T.....T..TTT...TT.....T.......T........TT....TT.T...T.T...T.T.T....TT.T.....T........T...TTTT...T...........TT..TT..TT.....TT...........T..T......TTTT.T....T.....TT.TTT.........TT..T....TT.T.T.
T....T.T.T..T..T...T..T.......T.T..T.TT...........T...T......T......T....T........T.......T.......................T.....T.........T.T..........TT.T.TT....TTTT.T....T......TT..T........T.TTTT...TT..TT.T.......TTTTT...........TT...T.T...T.T.TTTT......T...T....T...T....T....TT.TT..T.....T.....TT.......
T...TTT.T.......TT..TT......T.......T...T...TT.......T...........T.T..T...TT...T.TTT.....T.TT...T......T...T..TT.T.TTTT.....T...T...................T.T.....T.....TTTT...T..T.....T....T...TT.T..TT.....T.T....TT.T.T.T.....T...TT......T...T........T.......T.......T.T.T........TT...T..T..T......T...TT..
TT..T..T...........T..T.T.T.TT....T..T......T........TT.TT.....T.T...........T.........T......TTT..T....T.T...TT...T...T..TT...T.TT....T.T.....T...T.....T.TT.T.T...........T....T.T....T.T...T..T........T..T.T..T.T........T..TT..........T...T.T.T.....T.....T...T.....T.....T.....T..T..T....T.........T
TTT...T.T....T.TT.T.TT.TT.....T.T.T.T..TTT..T......TT..TT.T...T.....T......T........T.T..T..T..T.T..T...T.TT.T.......T....TT......T...T..T...............T.T............T...T.T..T.T.TT.T..TT..T.....T.T.....TT.T.....T.....TT................TTTT.....T.T.T.T...........T..TT.TTTT....TTTT..TTTT.......TTT.
..T..T.T.TT....T.TT..T........T...TTT...TTT..TTT..T..TT....T.TT.............T...T...T.......T...T...T.......T...T...T.....T...T..T.......T.TTT.T..T........TT..TTT..T..T...T..T..T.T.T...T........T.T..T...T..T..T.T.TTT...............T....T..TT.................T.T...TT.........T.........T..T..T....T...
T....................T....T.T......T...T.T..T....T..T...TT...............T...TT...........T....T..T.......T..T...TT.T..T.....T..T.........TTT.......T.......T..T........TT..............TT..TTTTT..T...T....T..T.......T...TT.........T..T....T....T.........TTT...T.T.T......T..TT.....T......T.T.....TT.T.
..T..T.T.....TT..T..TT..........T.....TT.T...T....T...TT...T.T.TT..T.....T.T..TT......T.T.....T.T..T.TT...T.T..T.........T........T..T..TT.....T.T.T.TT...T....T...T..T............TT..T..T...TT.......T...........T..T...T..T.......T.T.T.TT..........TT..T...T..T..TT.TTT.T......T.T.....TT.T...TT.T...T.T
T....T....T..T...TT..TT...........TT....T...TT..........TT...T.T..TT..TT............TT...........T.T..T.....TT.......T.TT.....T.....T...TTT.T...T......TT......TT....TT...TT..............T....T..T.......T.T.T.T.......T.T.......T.T....T..TTTT...T.......T..T.TT.T.........T...T.........TT.T..T...T...TT.
.T...T.......T.TTT...T..TT.T.......T.....TT.TTT..T.TTT.T....T...T.T.T..TT.T..T..........T..T.T......TT...........T..........TTTT..T.....TT..T.T....T.......T...T.T.....T...T...T.T...T...T..T....T..T...T..T...T.T...T....T.......T...T..T....T.TT..T....T.TTTTT....TT...TT....T...T..T.T.T.T....T.....T.TT.
...T.TT......TTT.T.T...TT....T....T..T.T...TT..T..T.....T.T..TT...T.TT..T..TT.T...........TT.T..T.T...TTTT.T.TTTT...............T.T..T.......T..T..T..T...T...T.......T.......T...T...T......T.T...T....T....T..........T.T...........T.......TT.T....T.TTT.T........TT.T...T......T....T........TT...T....T
...T..T...........T.T.....T.TTT.......T.........T.T.....TT.....T...T.TTTT...T.T........T.......T.........TTT....T..TT.TT.............T.T..T.........T.T..T.....T.T....T.T...T...T.T.........TTT.T.......T.......T.T.....T...T.TT..T....TT.....T.TT..T.T.T...T..T....T.....T..TT....T.....TT..T..TT...T...T.T
...T...T....T........T..................T.T........T...T......TT......T.T.T..T......T......T..T..TTT....T..TT....T......TT.TTT....T..T...T....T....T......T.......TT....T....T.TTTTT..TT.TTT......T....T.....TT.....T....T....TT..T......TT.......T.T.T..T.T..................T.....T..T....T.T...TT...T.T..
.TT.....T.....T....T.....T...T.T..T.........T...T.T..T....T....TT............T....T.....T.T.TT.......T...........TTTT....T....T..TTT.TT.....T.T.T..TT..........TTT..TTT......T.T...TT....TT...T...T...T........TT......T.T.TT.T.T.TT.T....T..T...T..........T..T......T.T..T.T........T...T.........T.T.TTT.
T.TT.....T..T..T.....TT.............TT..........T.T.T....T.....T...T.T..T.....T......T...TT...........T..T.T...T.T.....T.T...........T.T..T....T...TT.T..TT......T.TT.T...T....T.T....T.TT........T........T..T........T.....T...........T.T...T....TT.TT.T.....TT.T....T.T...TT.......T.................TTT
T.T.....T.T...T..........T.....T...T...T......T....T..TT.T.TT.TT................T..TT..TT....T.T.....T........T........T.....TTT..T.T...T....T.........T......TTT............TT..T........T.TT.........T......T........T......T...TTT.T..T.T.....T..........T..TT.T..TT...T...TT......T.TT.T.TT...T..T.T..T.
.T.T.......T..T..T.T.T.......T...T.........TT..T............T..TT..T.T......TT..T...T..T.T.T....TT....TT.T...T..T......TTT...T....T..T.T..T.T..T.TT...T..T....T.....T....T.T.......T.TT...TTT.....T.T....T.........TT...T..T...T..TT.T........T....T..T.....T......TTT...TT..TT.TT.TT.T.T...T...TTT.T......T
.T......T.............TT...T.......T....T..T..T....TT.T.T...T.T.T....TT..T..........T.TTTT.....T........TT....T.T..TT.T.T...T....T.T...........T.TT....TT...T......T..TT....TT.TTT.T........TT..T.T.....T.T....T.....TTTT...T..TTT...T......................T...........T.T...........T...T........T........
.T...T...T.TT........TT...T.T.....T.T..T.....T..TT.T.T.T.T...TT.........T.....T....T......T....TT.........T...T....T..T...T.........T.TTT.....T.TTT.....T.T....T....T..T.T.T.........T...T.T.T..TT....T.TT...TT....T...T.........TTTT......T...TTT.......T.....T.....T..T...TT......T.T..............TTT....
.T..T............T.T.TTT..T..T.T..T.T......T.T......T.TTT...TT.TTT....T......T...T...T.T.T....TT.....T....T.....T...T.TT.......T.T........T..TT.T..T.....T......T......TT.........TT..TT..T.T.T.T..TT....T.T...........T.T.T..T...........T.....T..T.T.TT..T....T.T.TT.T.....T..TT...TT.T.TTT.......TT.T....
T.T.TTT.T..T...T.T............TT.T..T..TT.T.TT.T..T..T...T..T.......T....T...TT..T.....TT......T......T............T...T...T...T.T.T...T.......T.......T.TT.T.....T..........TT.T..TTT.T..TT.....T.....T...T......T.........T............T......T....TTT..T...T..........T..T.T......TT....T...T....T...T...
..T.T..T........T...........T......TTT.T...T..TT....TT.......TT......T.T....T..........TTT.TTT.TT............T..T....T......T....T...........T..T.TT...T.T...T.T..TT...........TT.T............T....T.TT................TT......T.T....TT.....T...T..T..TTTT.T.T..TT..T.....T..T.T..T..T.....T.........T....
..T.T...T.T........T..TT.TT.....T.....T.T.T.....T.T.T.....T..T.T..T.T.......T.............T.T.T.T...........T.TT...T..TT..T....................T.T..T..........T..T..T...T.....T..T.T...T.T....T...T.............T.TT.T.T.....TTT......T....T.TT..T.......T.T...T........T..TT.........T.T......T..T.....T..
T.T..........T.TT........T.........T...T....T......T..TTT.TT.T....T..T.T.T..T.....T....T........T.T........T.T...........T.....T.T...T.T.........T..T.T.T.T......T....T..TT.TT...........TT.T...T...T.T.....T.T.TT..T.T.........T.....T.TTT........T.......T.....T.......T.TTTT.......TTTT.T.T.T.T.........T
..T....T...T....T....T.........T...TT.....T......T....T..T..T.T....T.....T.T.TTT......T...T.T.TT...T...T.....TT..T...T..T........T..TT....T..TTT.TT....T..T..TT......TTTT....TT.T.T.TT......TTT....T...................TT.T.T..TTT.TT..T.T.T..TTT.TT..TT.....T...TTTT......T....T..TT..TT........T.......T.T
TT.....TTTT.T...T.T.T...T...T.T....TT.T....T...T....T.T...TT.T......T.T.T.T.T.....T...TT..........T..T...T.TT..TTT.T..T..T.TT....TTT............TT....TT..T.T.TTT........T.T.TT.T..T.....T.TT...TT.TT.T..T.T.T....TT..T.....T...T.TT.T.TT..TTT.T........T........T..T.T.....T.........TTT..T..TT...........T
.TTT......T.....T....T....TTT.....T.T.TT....T.............T......T.T.T......TT....T...TT..TT......TTT..TT......TT......T.......TT..T.T.T..........TT..T.T.........T.T...T.T....TT..T....T.....T......T.....TT...T.TTT.......T............TT.........T.....T..T..TT..T...TT...TT......T.......TT.......T...TT
....T...T.......TTT...T.T.TTT.......T.TTT..TT...T.........T...T..T.TT.T...............T.T....TTT.....T....T..TT...T........................T....TT..T..T....T......T..TT...T.T.............T...T.........T.T....TT...........T.........T..T.......TTTT.T....T..T.T......T.......TTT.T.........T........TT...
.....T.T...T.......T...T...TTTTT..T.T..T.....T.TT.T.......T.T...T...TT..T...TT...T...T.T....T....T......T..TTTT..TTT...T....T.T..T...T.....T....T.T..T......T.T.T.....T.T....T.....T......TT.T...TT.T...T.T....T........TT..TT..T...TT.....T.T..T.....T.....TT.T...TT.....TTT....T...T..T..TT..T............
..T...T..T....T.T...T..........TT...............T.T..T....T.....T..T...........T..T..TT....T.T..T......T..TT..T.T.T.............TT.....TT..T..TT.T......TT.T.TT.......................T....TT.........T.T.....T......T..T...T..T.TT..........T..TTTT...T....TT...TT.....T....T.....T..TT...TTT....T..TT....T
T......T.....T...TT..TT.T...T...TTT.........T.T.T..T.......T....T..TT..............T.T.T.T........T.TT.........T......T.T.T........T........T.T.TTT......T.....TT...........TT.....T..T.......T.TT.T.T.T.....TT...T..T..T..TTT....T.T.T.T.....T..TTT..T..T..T.T.............TTT........TT....T.T..........TT
.TTTT...TT..TT.TT.TT.........T...T..T......T.T...T..T.TT....TT.T.T.T..T.T......T....T..TTTT..TT.....T.T...TT..TT.T....T.T.T....T.T..TT...........TTT........T....T.............T..T............T.....TT...T.....T.T....TT............T......T.TTTTT......T......T.T.....T..T......TTT.....TT.......T.T......
....TT....T......T......TT..T...T........T....T....T....T...T.TT.T.T......T......TT...T.T.T.T..T........TT....T..T..TTT....T..T...T...T.T.T....T..T..TT........T...T.............T...TT.T.T...........T.T......T.TT.......T.T......T.T.T.....T.T...........TTTT.T....T.....T.......TT.TT..TTT.......TTT.....
.T...................T.TTT.............T.....T.TT..T.T.......T........TT.T..T..T...T.T..........TT...T.....T.T..TT..T..T...T................TT...T..TT.......T..TT........T...T....T.T......TT...........T....T.T.T...T..TTT.....TT.T..T..T.T..TT......T....T............TT.T.TT....T...TTT......T..........
T.T.....T..TT.T..........T.TT.T.......TT..T.T...TT...TT........TT..T...T...TT..T...T.T...TT.T..T...T.T.T...........T.....T....T..T...TT........TTT..........T......T..T.TT..............T........T.TT.T.......T......T...T...................T.T....T.T.......TT.T...TT..T..T.....T........TTT..T........T..
.......T.....TT..T.....T.....T.....TTT....T....T.T....T.T...T.....T..T..T..........T...T...T..T.....TT.T...T...........TT..T...T...TT...T....T..........T..TT......T.....TT.......T....T....T....................TTT......T........T..TT.....TTTT.....T..........T....T...............TTTTT................T
T....T......T...TT......TT..TT......T...............TT.T.....T.T....TTT.T.T...T...TT...T...T..T..T..T.......T..TT...........T.TT....TT.......TT..T...TTT..........T......T.T.T..TT.T...T...T..TT.T...T...T.TT......T..T...TT.T.....T...T.T....T.................T.......T.TTT....TT.T.......T.........TTTT..
...T.....T..T.....T..T.T...TT...TT..TT.......T..T.TT..TT.T.T...T..T.T.T..TT......T..........T....T.TT...........T..T..T.......T..........TTT..T..TT..T.T..TT...T....T.T.T...............T.T..TT.T.TT....T....TTTTT.....T....T..T.T......TTT..T..T...T.TT.T...T...T.T...T....T.TT.T....T....T.....T.T.T....T.
.T..T.............TT.TTT....T......TTT.....TT.....TT...T...T...TT..T....T..T....TTTT.T....TTT..TT...T....T.T..T.......T.....TTT..T......T.TT...T..T...........T.T....T.T.T..T.......T.....T..T....T.......TT....T...T..T.....T....T.T.T.TT..T....T...........T.....T...........T.T.T.T...TTT....T...........
TT....T......T.T....T.T..T.TTT...T........T.TT......TTT......TTT.T...........T.T......T..T.....T.....T...TT.....T.TT.T......T...T.TTT.....TT...T...T.............T....T.....T...T...T...T...................T.T.T....T............................T....T.T...T......T..T...T.............T.TT......T....T...
T.T........T.....TTTTT..T...T........T....TT.T......TT.T...TT...TT.T.T..........T.....TTT.........T.....TTT....T.TTTTT....T....TT.......T.TT...T.......T..TT............T.TT.T......TTTT..T.T.....TT.T......TT.T......T.....T.T..T..T......T...T.....T..T..TT.......T...T.....T.T.......T....T....T.T...T..T
............TT...........T.........T.....T.......T.T......T......TT.T.TT.T..TT...T.......T.T.T...TT....................TT....T.T.T.T...T.TT..TTT.T........T....T...TT...T..TT.TT...T.....T..T..T..T..T..T..........T.TT.T.............T.T.T.T.....T.TTT.T......T....TT...T..T.T.....T..T.T.TT.T...T.T.T.T..T
.T..T....T.T...T............T.T.....T.....T.....T........T..T........T.T....TT.........T.......T.T.T......T.T...TT....T.T..TT...T..T..T.T...........T..T.T.T.....T..TT...T....T.......T...T..TTT.....T..TTTT........T.........T...T....T...T.......T...T.TTTT.T......T......TT...T....T...........TTT.......
TT.....T.TT..T..........T...TT......T.......T.T.T.TT.......TT...T.........T..T.....TT.T................TT...T.....T............TT..T..T...........TT.............T.T.............T....T.....T.....T..T......T..T..T..T.TTT....T..TT...T.TTT................T......T.......T..TT.T..........T...T..TTT...T...
.......T...T....T.......T....T..T......TTT..TTT.......T.T..TT...T..TT....T....T....T..........T..T.....T.....T..............TT.T..TT.T...T.....T...T.TTT.T........T.TT.T.T......T....T...TT.T......T....T......T.T.......T...T.T.T.TT.........T.T....TTTTTT.....T..TTT.T.T..T.TT.........................TTT
T..T..T.T....TT..T...T.....TTTT....T.T..T...T..T.......T....TTT..TT..T..T.TT.T.T...TT..T.T....T....T.......T....T..T...T...T....TT.....T....T..T......T..T..T.T.......TT...T.......TT....T..............T..T........TT.T.T....TT....T..T....T.....TT..T..T.......TTT.....TT..T.T...T...TT.........T.........
.T.......T..T..TT......T..T.TT.TT.....T.......TT................T..T..T..TT.....T.T......TTT...T.....T.T....TT....T.T.........T..T......T.T.T.T...T.....TT.T.....T..T...........TT...T..........T.T...T.T.T.T.TTTTT..T.....T..T........TT......T....T..TT....T.....T..............TT.TTT..TT..T.T.......TT.T
...T.T......T...T...T...T......T....T.T....T....T..T......TT...T.....TT.......T.T....TT.......TT.T...T....T..T.TTT.............TT..........TTT................T.......TT......T...T.T.T..T...T..TT...T....TTT..........T....T..T...T....TT...T.T.....TTTTT.T.T..T..........T....T...T.T...T.....T..T.T...T..
..T.T........T..........T...T.T.TTT.T....T....T...T..T.T.......T...T.TTT.T...T...T..T..T...T....TT....TT..T..T.TT.T...T.T.T..TTT.......T.......TT...TT...T.........T...T.....T..T.......T...TT...........T.T..T........T.....TT.....TT.....TT..T........T...T.T......TT.........T..T...T...T.T.....T..T.....
.T.....T....T...T...T.....T.TT......T...T.T.T.T...TT...TT.......T.T.T.T..T...T....T.T.........T....T.TT...T...T...T......TT.T.T..T.......T.T...T.........T...T.TTTT.....T......TT.T.........T.....TT......TT.......T.T.TT...T......T...TT..T...T...........T...T...T.......T.TT..T....T......T.....TTTT..T..
TT..T...T.T....T......TT.......T..T...........T.....T.T.T......T.........T...T......TT...TT..T.T....T..T..........T.T.....T.T....T.TT.T.......T.......T...T....T...TT.T...TT..T.....T......T..T...T...TT......TT..T.TTT..TT.......T......TT.............T.T..TTTTT...........TT..T.T...T...T.TTT..TT.TTT.TT.
TTT...TT........T...T...T.T.T..T.......T...TT..T.....T.T.....T.TT.....TT.TT....T........TT.T.T.T......T....T.....T...TT.T..T....T..T.....T.....T.......TT....T.....T...T......T..TT.T..T...............T.......TT...T...T.T.T.......T..TT..........TT..............T.....T.T..........TT..T....TT....T..TTT.
.T.T.T.T..T.T.T...T....T..T.....T..T..T.....T....T..T...T..TT....T..T.T............T.T...TT.TTTT.T...T.....T...T..T...T.TT...T.T.T..TT.T...TT........T..T.......T.TTT.T......T....TT.T.T.TTT...T..T....T.TT.TT..T.TT................T..TT....T......T.T.T....TTT.T....TT..T.......T..T......T.....T...TT..T.
..T....T...........T.......T..T...........T........T.........T.T.TTT.TTT..........T........T..T....T.T.....TTTTT.T....T.T.T.T.T....T...T....TT....T......T...TT..T.T.T.T.............T...T.TT.........T...TT..T....T..T.T.....TT.TT.TTT.....T..T.......T............T..T....T..T...T..TT......T...TT.TTT....
.TT.....T....T..T.T..TT..............TT...TT...T.TTT.....T....T...T......TT..T....TTT..T..T......T.T.....T.TT..T.........T........T.TT....TT.....T.T..............T.T..T....T..TT........T...T.T.T..T.TT....T.T.TT...T.T........T..T..T.TT.T...TT..T....T.T...T..........TT.T............T.....T....T.T.....
.T.....T.T.T.........TTTT..................T....T.T.T.........T....T...T...TT...TT...TT...T.TTT.....TTTT.....TTT..........T...T......T....TT.TT........T.T..T.....TT........T.....TTTT....T...T.....T....T......T......T...T....T..T..T....TT.T...T.T.....T....T.T........TT..TTT....T...TT....TT.T.........
TT.....T.....T.......T...T...TT....TT.......T....T...T..............T.T..T....T.T.T.T.....T.T..........T.T.TTTT...T..T...T...T...........TTTT.T.TT....TTT...TTT..TTT.T.TT.TT.T..T............T...TT...T.T...TTTT.T......T.....T....T.......T.T....T.......T....TT..T........T......T...T....TTTTTT......TT..
...........T.......TT..T...T..T...........TTT..T....T..T...T..T.T..T.....T.T..TTT..........T....TT.T.........T..T..TT............T............T.......T...T.T....T.TT..T..T.TT..........T..TT.....T..TT.TTT.....T...TT..TT...............T...T........T..TT....T.TTT..T...TT...T......T.......T..........T..
..T.......T....TT..TTTT..T...T...T...T...T......TTT.....T.T.TT.......T.........T.....T...TT......TT...T..TTT..T.T.TT.....T...T....T.T.....T.....TT.......T......T..........T.T.......T...T...........T.TT....TT...TT.......T.T.....T....T....TT.TT....T..T..T...T...T.TT.....T..T....T....T.T.....TT...TT...
....TT....................T..TT.T.T...TTTT...T.T.TT.TT.......T..T...............T.....T...TT....T...T.TTT......TTT..TT...TTTT.T.TT..TT....T...T..........TTT.......T.....T..T..TTT.....T....T..TTT.......TT....T........T...T.....T.....T..T..T....T..T.T............T.TT.T........T..T...T...T..TT.T.T....T
......T...T....TT..T.T.T.T.T..T.....TT......T.T.T.............TT.....TTT.T.T.T..............T....T....T......T..T.....T..T.....T.TT......T....T..T.....T......T....T........TT....T.........T....T..TTT.TT.TT....T.TTTT.T...T.T.T....T......T.TT......T........T.T...............T............TT..........T.
..T......TT......T.....TT.T..T.TT...TTT.TTT.....T...T.T.T...T.T....T....T....T.T....TT.TT....T...T...T.T.....T...TTT..TT....T..T.......T...T...T.T.....T..T..T..T.T............T.T.T........T..TTT...TT...TTTT....T.....T....T..T.T...T.......T.TT..T...TTTT.T...T...............T..T........TT.TT..........
.T.....TTT.....T.........TTT..T.....T...........T..T..T.......T.......TT..T...T.TT..TT.T.T.........T...TTTT.T.T.T...T.TT......T........T.T...T...TT.....T...T....TT.......T.T......T.TTT.......T..T......T.T.TT................T....T......T....T..T..TT.......T...T..T.T...TT..TT.TT...TT.T.TT..T.T.T......
....TT..T....T..T..T................TT....T.......T...T......T...TT....T.TTT..TT.TT.......TT........T...T......T.TT....T...T..T........T....TT..TTTT.....TT......T.T.TT.....TT..T..T.T...TTT.....T.....T...T.....T.T...........TTT....TT...T.TT.TT........T..T...T...TT.T.......TT..T.....TT.T...T.T....T.T.
.T..................T......T...T......T..................T...T...TT.T.TT...T......T.....TTTT...TT..T...T.T.T..TT.......T..TT..T....T.T..T..T..T.....TT...T....T..T.T...T.......T..T.T.T................T....T..T...............T....T...T..TT...T...T......TT.T......TTT..........T...TT..T...T.T.......TT..
.T.....T......T.T.....TTTT.....T.TT....T....T.T.T..T...........T.T..T..T..T.........TTT.....T..TT...T...T..TT....TT.....TTTTTT......T........T.....T...T.TTTTT.....T.T.TT.TT.T.TTT...TT....TT..T.T....T...T....T..T.TT...T.T...T...T..........TT.T...T.......T.T....T.T......TT.T..T......TT.TT...TT....T.T.
...T........TT.......T...T....T.T...T.......T....T...T.....TTTT...T.........T.......T....TT.......T..T..TT.................T..T.....T.T...T...T..TT.......T......TTT.....................T.....T..T....T.........TT..T.T.T..............T...T.....TT.....T...TT..T........T...........T.....T..T....T.T...TT
T.TT.T....T....TTT...T...T.....T...T....T...TT..T.T.T...T.....T..T........TT.....T.TT...T.TT...T.TT...TT.T.........T.........T....TT......TT..TT...T.......T.....T...T.....T..T.....T...T......TTT.......T.T.T....T..T.TT....T...T.T....T...T.T...T...T.T...T.......T.T......T.....TTT..T...T......T..T..T..
.T.T...TTT...T...T..................TT.T.TT...T...TT...TTTT..T...TT.T.TT.....T..TT.T.TT...T......T..T..T......T.T..TT..TT...T...........T...T.T..T.T.T....T.........T........T.T..T.....T.T.TT...............T........TT....T.TT...........TT.T.......T.T.TT.T....T..T..T.......T..TTTT........T.......TTT..
...T...T.......TT......T..T.....T...........TTTTT..TT.......TT...TTT......T...T...T........T......T..T...T.TTT...T...T..T....T......TT......T..T..T...T...........T.....T....T..TT...T.....T....T.......T....T.......T...TT.T.........T..T.TTT....T.....TTTT....T...T........T....T..T.....T.....T..TT..T...
...T.T..T...T.....T....T...T..T...T.T.....TTT...TT...T...TT..T.TT..TT..T....TT..T............TT..T..T..T....T.........T..TT...T.T.T.T.TT...............TT.TT.....TT..T..T....T..T.....T.......T....T.......T......T.T...T...T........T...T..T.TT......TT......T.T...TT.TTTT.........T.T.T....T...T..T...T...
.....T....TT...TTTT..TT.TT......T..T..T.....TT...T..TT........T.T.T.T....T.T.T..TT................TTT.TT....T.T........T..TT.....TTT.TT.....T.T.T....T......T.....T..............T....T...T......T.T...T.........TT..TT..........T....T....TT.TT...T.T.......T..T.......T...T...........T...T..T.....T.....T
T....TT....TT...T.T........T....T..T.T....T.........TT.TTT...............T.T..T........T...TT....T.............TT..........T.T.T.......TT...TT.......T.T.....T...T.T....T.T.......TT....T...T.......T.......TT.T......T....T.....T.....T.T.T.T................TTT.....TT.TTT...........T............T....T..
TTT....T.T.......T...T...T.....T...T....TTTTT...T.TT......T...T...T..TTTT.TT..TT..T.TTT...T...T...T...........TTTT....TT..TT..T.T........T.T....T...TT.T..TT..TTT..TT.T..T.T..T.T..TT..T......TT......T..T........T...T....T......T...T.TT....TTT.T.............T....T..T..T.TT..T..TTTT..T.TT..........T.T.
.T.TT...T..TT.........TT...T...T...T...T..T.T....T..TT.T.............TT..TT...T...T..T..T............T.......TT...TTT..T.T.TT................T..T.T...T...T.TT...TT.T.....TT..T.T..T......T...T...T......T......T.....TT..T...T......T.TT.....T....T.TT.T..T....TT.T.....TT..T.TTT.........T.TT...T...T....T
....TTTT.T.........T...T........T...T....TT.....TT.......T...T.TT......T.TT...T.T.T.T.........T...T.........T...T.TT.TT.........TT.........TTTT...T......T..TT.T.....T.....T.......T..T.....T.TTTT.TT.....................T.....T.....T..TT.T............T....T.T.TT...T..T.....T.........T...T..TTTTT..T...
...T..T...T.....TT.....T...T.....T..T.T.......T......T...T....T.....TTTT..T.T.T...TT.........TTT...TT.....TT.T..T....T.........T..T...T..T..T...T..T........T...T...T..TTT.T.....T..T....TT.TT...TTTT..............T......T....TT...T..T.............TT.T....T.......T..TT..T..T....TTT.TT....T........TTT..
..T.....T.....TT..T..T....T..T.......T....T....TTT.T...T......T...TT...........TT.T.T..T..TT.....TTTTT...T.T..T...T...TTT.T.....TT...............T...T...T.TT..T...T.T......T....TT..T.T...T.T...TT....T.....T.T.T.....T.....T......T.....TT.T....T....T.T..TT..T......T.T...TT....T.....T...T............T.
T....T.........T..T...T..T..TT..T........T...T.T......TTTTT.T...T.TT........T..T.....TT..T......TT.T..TT..T...T..T...............T....................T.TT..T..........T....T....T.T...TT......T...T...T.....TT...T..T.T.T.T........TT...T.T...T.T..T..T.....TT...T..T.......T......T.......TTTT....T...T.T.
.T......T.....T..T...T.....T...T.......T............TT..T.T...T.....T............TT...TT......T.......TTT.......T..T....T......T......T.T..T............T..T.TTT........T........T...T.T.T.T...T......TT.T...T...T.T...T..T.....TT.TT....TT.......T.......T.TT.T.T.T.T.....T..........T..TT.....T...TT.T.T.T
TTT..T...TTT...........T.T....T..TT............TT...T.TTT.T.........T.......T...TT....T...T.....T...T........T...T.TT....TT...T......T.....T..T..T..T........T.....TTT.TTT...T....T.T.T.T.TTTT..................T...T......T......T.T........T.TT.TT..T.....T.............T...T........................T....
T....T.T.T.T...T.........T..T........T...T.T..T.......T.....T...T........TTT..T.....TTT.T.TT......T.....T....T.T.......T.TT..........T...T..TTT..T.T..........T.....T.....T........T.......T...TT........TTT...TT..T....T...T..TT...TTT.......T..T....T..T..T...TT.....T....T...........T.......TT...T...TTT
.....T..TT.T...T....T.....TTT..T...T..T.T..TT........T.T..T..........T..T.....T..T..T..T..T.T.....T.....TT....T....TT....T.........TT.TT...T............T..T....TT.....T..TTT...T..TTT.T.TT.......T.......T..........T.TT.T..T..TT.T.....T......T..T........T..T....T.....T...T.T...T.T...T..TT....TT...T.T.
..T....T....T.T.T......TTT.T..TT..T....TT...T.T....T...TTTTT...T......T...T.................TTT..T..T...TT....T........TT.......T..TT..T.......TTTT.TTT.......T.T.T..T........T.T......T..T..TT....T...TT.T...TT...T............TT....TTT...TT..T.T.T.TT..........TT.............T.TT..T..TT.TT.TT.TTT.T.TT.
........T....TT...........TT...........T.T.T..TT....T....T.......T......T.T...T......TT....T....T..TT.....T.......T.T...T...T.T...T....TT..T.........T..T...T......TTT.T..T......T...TT........T...TTT....T..T..T...T...T..........TT....T.T.T...TT..T....T...........T.....T...T......T.........T.......T..
.....T..T.......TT..TT.T..TT.T..TT......T.......TT.T..........TT.T..T.T......T.T.......TT...............T.T...T......T..T.T...T....T......T.T.T.....T...TT...TT......T...TT.TT.T.T....T.T.......T......T.............T...T........T........T.TT.......T........TT.T.TTTT...T.T..T.T......T...T.TTT.....T..T.
T.....T..TT....TT...TTT.T.T.T..T.T......T..T......TT.T.TTT.T....T....T....T.T........T...TTT...T.TT..............TT........T..T..T....T..T.T.T.TTT......T..T.TT....TT...........TT.T.TT.TTTT....T.T......T..T.T.....T..T................T..T..T.....T.........TT.T...T.......TT....T.TT........TTT.....T...T
T......T..TT..T..T.T..T.....TT........T.............T...T...T..T....T.T..T.....T.TT.....T..T............TT.......T.....T..T.TT..T.......T.T..TTT.T...TT.T.T....T......TT.....T..T.T...T...T......T.T...T......T....TT.T..T..T.TTT.T..TT......T.TTT...............T...TT...T.T............T.....T........T.T.
T.T........T...........T................TT..T.....T.T.TT....TTT.......T.......T......TT...T....T....T.T...TT....T......T...T.T..T.TT...TTT.T.T.T..TT....T....T.TT.........T.T.TT.TT.TTTT.........TT..TTT....T.T...T.TT...T....T........TT.....T.TT.....T.....T..T.T.....T.......T.T........T.T.....T.TTT..T.
.T.T....T..T....T..T..TT...T...TT.T.....T..T...........T......TT...T..T.TT.T...........T.TTTT..T......T...T......T......T...T.T.TT.T.T....T...T......T...T.T.T..TT.............TTT.T.....T...T.T......TTT..T..T...T.......T.T...T.T.TTT....T................T.........T..........TT.....T.........TT.....TTT
...T..T.....T.....TT.T...T..T.......T.T..T.......T..TT..........TT........TT.........TT......T.TT...T.T.....T.T.T..T......TT..........T..TT.T..TT....T..T.T.TTT..T.T.TT....T.TT.T......T..T...TT........T..TT...T..T............TTTT.T.......TT....T..T......T.T...T...T.T.TT.TT.T.TTT...T.T........TT..T.T.
....T..T..TTTT.TT.........T.......T.T....TT...T..........T.T...T....TTT....T.........T..T.TT.T..T.....T.T.T.....T.TTT...........TT.........T..T......................T.......TT....T........TT........T...T.....TTT.......TTT..TT.T.TTT.T.TT.....T.TTTT...T........T........................T.......T....TT.
.T...T...................T...T.T........TT.TT.TTT....T.TT..T..TT......T.T.........TT.T.T.TT..............TTT.T......T.TT....T...T.......T...T.....T..T.TT..T...T.....T......TT........TT..T..T.TTT.TT...T.........T...T...TT.........TT..TTTT.TT...TT..TT.T....T.....T.......TT.TT........T.T.....T.......T.
..TT.T....T.....TT........T..TT.T......T..........T.....T..T......T........TTT...T...TT.TT.....T........TT.T.T..TTTT.T..TT........T....TT.TT..T.....T.T.T.....TT....TT..TT....T......TT.T..T.T..TT.......T.T.T...T.......T..TT....TT....TT........TTT.T...T.....T....T..T....T.T......T.T...T....TT....T.T..
......TT..T........T........T..T......T..T..T.........T..T.TT.TTT...T.T....TT.T...........T................T.T..................T......T...T.T....T..T.T...T..T.....TT..TTT......T.T..TT.....T.....TT......T...T..T.........T..T..T....T....T....T...............TTT......T.T.......T......T..T........T.T..
.TT....T.TT.T.....T..T.T.T...TT.T........T..T.T..T...T...........T..T..T....T..TT......T.....TT..T.......T.....TT.TT.T..TT...........T.T......T.TT.....T...T......T.TT..T......T.TT.TTTT.TT..T.....TTT.T...T..T..TT...T..T..T.....TT......T................TT..T..T..T.T...........T....TT......T.TTTT......
....T.T.......T.TTT........T......T..T.......T..T..TTT.T.....T......T....T.....T........T....T.....T......TT...T..T..T......T.T.T......TT.T.....T..T.T...T....T.T.T....TT................T.T..T..T...T..T......T..T.........TT.......TT...T........T.T...T.........T.............T...TTT.........T....T..T..
...........T......T..T.T....T..T.T...T..T....T..T....T..T..T....TT....T..T.....T......T.T......TT.T....T....T.....T.TT..............T....T....T.....TT.........T.T.......T..........TTT....T.T...TT...............T........TT......T..T......T.....T.T..T..T....TTT.....T..........T...T.......T..TTT.T.T.TT
T...T..TT...TT...T....T.T....T...TT..T..TTT.....T.......T.......T....T.....T.....T..TT..T.T..T..T........T....T...TT.T.T.T............T...T..T.....TTT....T.TT....T...TT..T........T....T........T......T.T.T.....T....TTTT........TT.TT.........TT......T...........T...T.T.T....T..TT..........T.T...T...T
..........TT..T..T.T........TTT..T..T.....TTT.T.T................T.T.T...TTT.....T........TT.T.T..T...........TT....TT.T.......T.TTT.TTTT...T..T..TT........T..T....TTT.....T.......TT..T...T.T.........T....T..TT.....T...TT...TTTT.T.T..T...T.....TT...T.....T..T....TTT.........TT..T............T.TT....
.........T......T.TT...T.TTT......TT......T.TT.T...TTT...TT..TTT..T....T.TT.T....T..T.....T...T........T..TT..T.T.T.T...T.....TT...T......T.T....T..TT....T......T.....T.T..T.T.......TT..TT....TT.......TTTT...T..T..T......T..TT...TT.......T.T.T.......TT.T..T.T..T...T..TTT..T...TT.T.T....T...TT.......
T......T......T..T.....T..........TT.T.T.....TTT...T..T.......T..........TT.T........T..T...T....TT.TTT..TT...T.T...........T.T...TTTT....T.....TT....T..T.....TT....TTT..T....T..TT....TTT...T...T.TT....T..T.....T.TT...T............T....T.....TT.....T....TT.....T.T.TT....TT.T...T..........TT....TT.TT
.....T.......T..TTT..T.T...T.TTT.........T.....T.....T.........TT........TT......TT..TT.....T....T.........TT..T...TT.TT...T..T.T..T.....T.T...TT.......TT...T....T....T..T...T......T.T.T..T..T..TTT.T..T......T.....TT.TT.......T..T...TT...................T......T.......T......T.T..T.TT..T..T.....T..T
TTT....TT......TT........TT..TTT.........T............T..........TT...T....TT.....T...T...T.T......T..T................T....T..TT..T.T.................T...T...TT....T..T.TT.TTTT..........T......T.T..T........TT...TT..T...T...T.T..........TT...T..T..T.TT....TTT.TT......T..TT.........TT....T.T.......T
...TT....T.T.......T.........T....T.T..T..T...T...T..TT..T..T...TTT...T.....T........T.........T.T.T.T..TT.T...TTT...T...T....T..T......T....TTT..TT..........TTT.........T......TT.T...T.T....T.....T.........T....................T...T.T.T........T..T............T..T.T.T........T.....T.T.........TT...
T............T.....TT.....T.T.T...T.....T.T....TT.T....T..TT.TTT..T..T.TT.....T.......TT.TT...T..T.T.T..T.TTTT.T.......T..T.T.TT...T..T......TT..T.T....T.TTT.T...T..T.TT.T.T....TT....T..............T.......T.......T......T..T.............................T......T......T..T.........T......T.....T...T.
........TT..T.TT.T........T..T........T..TT.....T......T...T.........T....TT........T.......T...T.......T..T...T.T...T.........T.T...T..TT.T...............TT..TTT...T.T.........T..T....T..........TTT...T...TT.....T....T...TT.T..............TT.T....TT..T....T.......T..............T.....TT........T..T
...............TT......T.......TT....T.......................T.................T..TTT........T.T...TT.........TTTTT.T....T.............T.T.........T......T......T.T.............T.....T......T..TT.T....T..TTTT....TT....T.........T.T.........TT....TT.............T.T.T....T..TT....TT............TT.....
.T......T.T.T..T.T..T.......T.T....T.T......T..T....T.T..TT....T......T...................T...T.TT.T.....TT.T.T...T..............T....T.......T.....TT.....T..T.....T..TTT.T.T..............T..T.T...TT.T..T.....TT.......TT.........TT........T.....T..........T...T..T.....T.T...T..T...T..T......T....T.T
..T.T.T....T....TT...T....T..T....T.TT.T....T.TTT.T....T......T.TT..T..TTTT..T.T.T.TTT..TT.T......TT..T....T...TTT....T....TT.T......T.T..T...T..T.....T.T..T.TT.TTT..TT...T.....TT.........T.TT....T....T.T.....T.T..T..T...T......T.....T.......T.......T...TT...T.T....T..T.T.......T.......T.TTT..T.....
..T....TT.T...T...T.....T..T....T........T.T.......T..T..TTT.......TTTT..T....TT.......TT.......T.T....T.T....T......T.........T.T..T.....T.......T.T......TT.....TT..TTT...TT...T....TTT.TT.T....T..T.T..TT.....T.T.TTT.......TTTT..TTT........T..T.......T.T....T.T.T...TTTTT.T.T.T..T......T.........T.T.
......T...TT...T..T..T.......T..TT.....T...T....T.T....TT...T.T..T.....T.T.TTT....T......T..T...TTT.T.........T...TTT....T.......TTT..............T..T......T.....................T...T..............T.TT.T..TT.....T.T........T.T..TT...T..T..T......T.....T.T.....T....T.T..T.T..T....T.T.T......TT.T..T..
TT...T.T.TT...T..T.T....T..T...T...T........T............T...TTTTTT.TT...........T..T.T.TT..T.TT....T...TT...T...TT...T.T......T...T.T...T.TT.T.TT.TT.....T.T.....T..........TT.T.TT....T.......TTT.....T...............T...........TT...T...T.....T......T......T....T.TT...TTT......T.T..T...T....T..T..T.
T.TT.T...T....T.T.................T..........T....T..T..T..T.T...T........T...TT.T....T..T.T.TT............T.T.T..T.T...T.T..........TT.....T.TTT......T.......T..T....T........T.........T....T.T......T....T.T.T..TTTTTT.......T.....T.....T.........T......T.TTTTT...T.TTT.T...T...TT..TT..T....T..T.....
T..T.T........TTT.T...T...T...T.....T..T...TT..T.TT....T.......TT...........T..T.T.TT.........T....T....T...T.T..T.......T.......T.....T...T..TTT......T.T..T......T......T.TT.T..T..T....T...T....T.T...T.T.T.T......TTT..T...TT..T..T...T..T..T.......T...T.T.T...TT.T.TT...T..TT............TT.....T...TT
....T.......T..T.TTT.TT....TTT...TT.T...T.....................TT.TT....T....TTTT.T....T.T........T.T.T.TT.....TTT...T..T......T.....T.TT..T...T..T..........T......T......T....T...TTTT..T....T..T........T............T..T.TT.T...T...T..TT..T.TT.....T...T................TT......TT.T..TT........T..T.T..
..TTT..TT..T...T......T...........T..T..TTT.T..T...............T..TT..T...T...T......T...........T....T.T.TT...T....T..TT.T.T..TT..TT.....TTTTT....TT...T.T....T.T........T...T...TT...T.T..T...T...T.T.T.T...T.T.T....T.T.....TT..T.T...T.TTT.....T..TT.....T.TT.T.T.......T...T.......TT.....T............
T.......T..T..T...TT.T..T......T.T..T....T......T.T...TT...TTT....T.....TT...TT..T...TT.T...TT..TTT.T......T.T....T...T.TTT...........T.......TT.T....T.TTT.......T.T........TTT....T.T....TTT.T..T..T...T.T.TT..T..T.TTT.TT...TT..T.TT.TTT..T......T......T.T....T......T..TT.TTT.....T....T.T...........T.
T.T......T.......T.T..T.T...T....T...T.T...TTT.....T.........T.....T.................T..........T...T........TT.........TT.TT.T.TT..TT..T....T.T..T.T.TTT...T...TT.T....T.......T..TT..T....TT....T.........T.......T....T...T...T..T.....T.....TTT....TT.T...T.T.T...TT...........TTT.T.T...T.............T
.T...TT.....T.......T....T...T..........T.T.T..T...TT....TT.......T.......TT...T....T.TT...T.......T..T..T...T..........T...T......T..T.T.T......T......T...T..T.T.T...T....TT......T..T.....T......T..T.......T.T.TT.....TT...T....T...TT.T...T...T....T.T..........T.TTT...........T.TT...T.TTT...T...T..T
.........TT..T.......T.T.........T.TT.T...T..T..T...T.T...T............T......T.T....T..T.........TT....TT....T.T......T....TT.....TT....T.T.T......T......T......TT.T..TT.T...T.T.T.TTT.......T.T..T......T.......T...T.T.T.T.T..T.TT.......T.....T.T....T........T.............T......T..T.T...TTT.TT.....
...T.....T........T...T....T.T...T........TT.....T.T.......T..T.TTT.TTT..T..T..T....T...T.TT..TT....T............T......T...T.T.....T......TTT.T...T....T.T............T.....TT..T....TTT..T...TTT...TT..T....T.TT...T..TTT...TT.T..T......TTT.........T.T.T.T..TT.......T.T..T.T...T.T.......T..........T.T
.....T.T.........T......TTT.T..T........T.T.........TT............T......T.......T..T..T..T....TT..T....T.....T.....TT.....T......T..T.....T.T..T......TTT...TT.T.........TTTT.T...T.TT.TT.T........T..T......T......T.....T.........T..T..........TT.T.........TTT...T........T.T....T...T....TT...........
TT...T....T....T.T..T.....T....T........T..T.T..TT......T...T..T...TT...T......T....T...TT...T..T.....T.TT..T.T.....T....T.T..T....T.T..T....T.T.T.T..TT...T.....T.T...TT..T.T.T......T...T.........TTTT......T...T..TT...TT.....TT..T..T...T..T.T...................T........TT.T....T.......T.......T.....
..T.TT..TT.......T.TT..........T..T.....T.....T...T..TT.TT..TTT..........T....T..TT.......TT.T...T.....T...TT.T....T..T....T....T..T.T..T.......T.T..T....T..T....TTT...TT.T.TT.......T.TT.TT.T....T....T..T.....T....T......T..T......T.T..TT...T.......T................TT......TT.T..TT.T....T.T.T.T.TT.T
TT....T.T...T....T....TT...T...T.TT...T.........TT.T.....TT.T......T.........T..T...T..T.TTT....T.TT.....T.TT...T..........T.....T....T..T.....TTT.............TT.T...TT..TTT..........TTT...T..T........TT........T.....T.T.T..T.T..T................T..T..........T......T..T.....T.T....TT......TT...T...
T...T......T...T.......TTT.......T......T....T.T.......T....TT........................T..........T.....T........TT.........T.T......TTT.T...TT....T...T.T...T........T....T...T.T........T...TT.....TTT...T...T.T.T.T.T........T...T.T.T..........TTTT.......T.T.....T.T..T.T.T..TT..........T......TTT.TT..
T..T.T..T........T..T.T.........T.T.......T..T.T.......T.TTT......TT...T..TT.T...TTT...........TTTTT..TT....T.T.T................TT.T....T..T.....T...TTT..T....TT...T.....T......T.T..T..T.T.....TT..T...T....T..T.......T.T.......T.T......T.....T.T...T.....TT...TT..T..T.......T....TT.T.T..T....T...T..
T..T......TT.....T....TT........TT...T..T..TTT.T.T.....T.....T....T.T......T.......T....T..T...T.T.T....T.....T.....T..T.T......................T....T.TTT.TTT..T....TT.T....TT...........T..T.......T....TT.....T....T..T.T.T....T..............T.TT...........T....T....T.T......T........T..T..T.T.TT....
.TT.T....T......T..T..........T..T.T.TT...........T..T.......T.....TTT....T......TT.TTT..T..T..T........T............T..T....TT.T..T......T..T........TT....TTT.TT.....T...T......T...T.TTT.T..T..T.......T....TT.......T..TT.....T....T..T.....T.......T...TTT.TTT....TT..TT.T...T....T.....TT.TT...T......
..TT.T...TT..TTT..T.T........TTT.............TT.T.T.........T.T.T.T.TT...TT..TT...T.......T......T....T....T..T...TT..T..T.......T..T...TTT....T..T.T.TTTT..T...T..T....TT.T..T.T...T.TTT.....TTT.T....T.T.......T.T.....T.TT..T.......................T...T...T..T.TTT..T...T.T...T....TTT..T.T.TT..TT.T...
.T...TT.T.T.....T..............T...T....TT.T....................T........T........T..TT...T..T............TT...TT.......T.....TT..T...T.TTT...T....TTTT...TTT..T.....TT...T..TT.........TT..........T.T...............T.T..........T..T.TT..T...T.T..TT.T..T......TTT.T......T.T........T......T......T.T...
...T.T.......T..T.....T....T......T......T.T...T......T...T.T.......T...TTTT..T.T...TT.T...T....T....TT.............T..T.........T........T.T.......T........T...T.TT......T..T...T....TT.T................T.T.....T..T.T......T.....T.T.T....T..........T......TT.......T.TTT.....T.T.......TT.T..T...T....
......T.TT..T..T.......T...TT...T.................T........TT...T....TT..T.......T..............TT..TT.....T..T..T................T..TT..T........T...T..T.TT.......T....TTT.....T....TT......T.........T..T.T.......TT.......T.T.T...T.T......T..T..T.T.TT.T.......T...T.TT...T.T..TT.T............T......T
T.........TTTT....T...T.TT.T..T...TT...T...............T..T.T.....T....T...T..........TT....T.....T........T..TT.....TTT....T.T.T...T..TTTTT.T...TTTT...........T.T..T...............T....T..T...T..T...T..T.......T.T..TT.T...T....T.T...T...T..T........TT........TT..T...T.TT.....TT.....T..T.TTT...T.T.T
.....T....T....T..T......T....TT..T.....T.TT.............T...T..TTTT..TT.T..TT...T...T.......TTT.T.TT....T....TT...T.T..........TTT........T.TT...TTT...T......T....T.......T..TT.....TT...T.TTT.T......T..T...T.TTTTTT...T.T.T.....T.....TT.TT.T....T.T.TTT.T.T.T..T........T.T...T.T...TT....T..T...T.....
T....T.TT..T..T........T.T.T..TT.T.TT.......T.........T.T.....T.....T...T............T....TT.T..T..T..T...TTT..T...TT.T..TT..............T.T.T.T.TT.TT....T..T..T.T..T..............T.T..........T...TTT...T.T.T...T..TTT.....T........T....T....T....T..TT.TT.....T........T......TT..T...TT..T..T....TT.T.
.......T....T..T...TT..T..TT..T.................T....T......T.T................................TT.....T........T.T.T...T..T.....T..T..T..T..TTT.T......T..T.T..........TTT..TTT.TT.T...T....T..T..T.................T....T......T...TTT...T.......TT.....T......T.T.......T..T.TT.T....T..T...TT.TT.T.....TT
T....T.T.........T.T...TT.....T......T....T..T.T.......T.T..T...TTT..T....T.T..T.......T.T.TT...........TT......T......T.......T.T.T...TT....T.T..T..T..T.T............T.T..T.............T....TT.T.....TT...TT...............T..........T.........TT.....T..TT..T..T.......T......TT..T....T.TT.TTT..T....T
T....TT..T..T.T..TTTT..T..TTT.T....T....T......TT..........T..T.......T....T...TT...T..T........TT...T...........TT......T.........T....T..TT...T...TT.T.TT.......T.T................TT..T.T....TT.T..T............T......T..T.....T...T.T..........T.........T..TT..T.....TTT...T....T..T....T.........T.T.
.T..T.T.....T..TTT.........T.T...............T..T...TT....T...T.T.T........T.....T.TTT.................T....T..T.T.T....TT....T....TT...T....T..TTT....T.....TT.T.....T............TT....T.T.T.T....T.....TT..T..T.T......T.T.....T....TT..T.....T...T.T.TT.....T...T..T.T.T.T......T.....T...T...T.T.......
......T.TT.T.TTT.....T.TT.T...T..T....TT..T...T......................T.T...T.....T....T.T.T.......T.T..TT.......T......T...T.T.....T.....TT.......T.TT....TT......T......T.T..T..........T...TT..........T.T...T..T...TT.......T.T...........T.....TT...T..T..TTT........T.TT...TT.T.T.........T.......TT...
.T..............T.T....TT...T....T.T....T......T.TT...TT...T....TT..T..T...T..T........T.TT........T.T.........T....T...TT..............T...T....T.T..T...T.....TT....T.....TT.....T........TT.TT.....TT.TT..TT.TT..T....T.....T...T..T.T...T...T..T...T...T..T....................T...T....................
T....T...........T....T....T.....T.TT....T..T....T.....T....T......TTT....T.....T...T....T..T...T........TTT...T.....T..T.T..T.T......T..T...TT.......T.....TT.T.T....T....T..T.T.....TTTT...T....T...T...TTTT....T..T..T.......T..T.......T...TT....T.....T..T.TT...T.T...............T........T.T.T.....T.
...T..T.T..T.....T.T..T......T..T.T...TT.T.T..T.TT..TTT..TT..T......T...T..TT........TTTT.T..T............T..TTT...T...T..T.....T.........T..T.TT.T.T....T.T.T........T.T..T.....T.......T...TT.......T....T..T.......TT....T..T........T.......T............T....T...TTT.T...T.T..T......TT.T..T.....TT...T
..T.....T.T...T....T......T....TTTTT....T.T.T.........T..T.T..........T.TT.TTT..T.T...T.........T..T.T..........T....TT.............TT..T....T.....TTT....TTT........T..T............T........T.T......T.....TT.....T..........T...T.T.TT..T.T.TT..TT.T...TT.T..T..T.T...T.............TT.T......T....TT....
.T..T.TT.T..T.......TT...T.T........TT...TT...T.TT..T.....T..T.....TTT.T.T...TT...T...T......T.....T.T......T..T.T...T.....TTTT.....T...T..T...T.T....T..T...........TT.....TT........T......TT.................TT..TT.....T...T..T...T...T..TT.....TT........T........T....T...T.....TT..........T..TTT...T
...........TT..T......TT....T.TT.TTTT...T...T.T.......TTT..TT.T..T........TTT..TT...TTT.....TT.........T.T.T.T.T.T.T.....T......TT......TTT..T..TTT...T...T............T..........T......T....T.TT........TTT.......T....TTT................T........T..T..T..TT..........TTT.T......TTTTTT.TTT....T.T....TT
..T...T.T..T.T.......TTTTT...TT.......TT..TT......T....T.....T.T...TT.....T..T.TT..T.........TT.T......TT.........T...T..T..T.......TT.........T.T.T......TT.TTT.....TT..T.T.T..TT..TT.........T..............TT.T...T....T...T.......T.......TT.....T...T...T.....T...TTT....T..............T.....T........
.......TTT.T.TT...T.T.TT......T.....T.......TT..T.T...T....T..T.....T....TT...T..T.T.TTT.T......T..TT...TT...T.T.........T...........T.T........TT.T.....TT..TT.TT.T.....TT...TTTTT.T......T..T..T.......T..T.T..T...T...TT.T.....T..T.T.T..T..T...T...........T.......T.T...TT.T.........T.....T......T.TT.
T.T...TTT..TTT..T....TTT..T....T....T...TTTT........T.T.T........T.TT...T......TTT.T......T...............T......TT..T.......T............T.TT..T.TT.TT.....T..T.TT....TT.T.TTTT...T.............T.......T.....T....TT.T.TTTTT.T.....T..T........T......TTT..T.TTTT....TT..T.......T...T.T.T.T.T.T..T....T..
T.T...T..T.T......TT..T.T..TTT.T...T....T....TT.....T.......T.T...T.TT.......T...T.T......T......T..TT.....T.T....T.T..............T.....T.T.T.T.TT...............TT....T......T.T.T.T....T..........T....T....TT..TT....T..T..........TTT...TT.....TTT.T...T.............T.........T.T..T.TT.T....T..T....T
..T.....T..T......T........T..T.T..TT.T.T.T.T...TT....T..TT.T..............T..........TT...T.TT.TT..........T..TT.TTT..TT...T..........TT.T.T...T..T...T...T.TTT.T..T.......T..T..TT..T..........T....T.T........T..TT..TTT...T.....T..T..T..................TT.....T....T.T.T......TTT.....T.T.T..T....T.TT
...TT........T..TT.T....T..TTT.........T......T........T......TTTT....T....T..T.....TT....TT.TT.....T...T...........T............T.T.TT..T....T..TT.....TT...TT.........T...T........T..T...........T.TT....T..T..TTTT.....TT..T.....T..T...T...T.....T.T.T..T....T......TTT.....T...TT.........TT.T...T...T
.........T..T........TT..T.T.T..T.....T...T.T..T...TT...T.T.TTTT......TTT...T.T...TT....T........T.......TT..TT.....T.......T......T....T..T...........T...T.....T..T......T..TTT.....T.....T..T............TTT....T.........T.......T.T.T......T.T....T.TT.....T.TTT.T.......T...TT..T...T...T....T.......T
