296 324
1 188 245 315 320 93 274 187 126 292 241 286 154 235 109 151 69 290 46 136 284 305 261 127 127 108 77 258 171 179 159 171 7 145 195 262 128 100 78 33 10 271 69 91 188 174 224 147 77 98 59 153 88 24 68 289 300 225 39 144 67 112 103 295 159 260 97 74 3 241 100 207 146 320 41 213 60 242 324 81 89 78 251 151 94 187 208 208 164 150 224 148 117 214 24 255 14 123 93 141 302 89 0 136 66 1 215 299 51 215 272 48 252 100 47 5 37 290 67 324 252 221 77 122 168 25 42 217 209 152 319 25 166 215 73 35 209 258 6 135 201 73 244 280 276 304 123 59 251 3 204 98 261 299 208 148 226 123 24 18 238 287 199 161 275 186 170 60 37 225 5 18 18 255 200 239 303 52 270 311 184 38 205 3 116 321 129 253 125 100 152 310 189 238 203 83 91 177 82 239 130 107 149 68 111 133 268 129 287 260 127 35 246 38 246 221 13 228 83 179 183 12 215 152 122 279 58 312 124 197 252 30 198 101 309 146 183 252 229 272 164 207 313 136 270 293 103 156 288 51 195 30 262 182 54 181 324 80 78 285 55 64 159 97 253 10 313 239 251 10 75 179 233 128 10 86 84 237 249 137 159 138 226 204 193 122 303 216 276 142 214 13 65 219 276 235
62 14 50 163 220 216 65 88 176 42 269 27 9 72 195 24 86 271 288 26 26 28 182 188 172 241 220 43 170 81 14 214 116 230 125 293 295 229 183 68 213 83 244 151 120 44 52 91 173 16 59 209 64 97 131 44 242 220 150 66 79 14 58 262 66 227 109 175 215 197 242 233 43 26 275 292 288 195 28 73 292 255 242 211 168 58 17 205 47 248 87 33 69 183 293 12 87 267 266 255 22 249 224 34 10 154 142 195 211 18 2 187 203 129 161 99 123 220 107 251 56 281 134 140 86 244 187 2 152 238 4 280 79 212 75 141 126 49 69 234 273 97 78 258 109 152 126 38 8 1 252 182 257 179 235 5 290 285 40 81 8 280 180 212 232 24 82 173 84 151 122 29 2 26 271 257 82 207 234 260 144 251 50 157 17 240 162 211 59 201 110 199 166 134 202 111 164 76 16 91 105 133 209 66 287 129 183 249 101 14 244 123 145 231 104 84 177 125 149 112 127 57 133 201 104 28 24 109 93 107 114 212 77 137 148 174 210 104 83 292 175 147 247 215 111 165 205 186 157 27 161 69 249 90 7 194 158 108 76 152 167 138 20 161 219 199 274 46 229 126 201 177 98 234 43 77 160 8 179 200 148 294 39 288 252 242 295 71 88 82 176 35 20 59 9 270 141 50 92 195 33 90 182 198 14 35 270 57 30 211 205 24 206 91 181 234 278 49 96 201 243 227 197 29
...TT..............TTT.TTT.T.T.....T.T.T....T.......T.T..TT...T....TTT.TT....T.T.........TT..........T..........T..........T.....TT..........T............TT........T..........TT..........T.T..T.........TT.T...T..T.T.T....T......T.................TT.T..T......T.....T..T....T..T..............T.T....T..T.T..........TT....T...
T.T.TTT..TT..........TT.....T.TTT...T..T.........TT..TT..T.T..T..........T.............T..........T.........T................T.......T.T.............TT.T.T...T....T.....T......TT..T.T...T.............T.T....T..T.....T..T.T.TT.....T..............T..T..T..T.T.....T....T....T....T....T............T..T..T...................T..
...T.T......T..TT.T...................T.........T..T.T....T......T.................T.....TT....TT.T.T.T.....T..TT...T....T.............T.........T................T.....T.......T..TT.T...TT.T..T..........T.T...TT.....TT.T....T.............T..TT........T................TT.T...T.........T.....TTT...T.........T...T.......T....
......T....T.T...........TT...T..T...........T.T..T.......T..T..T........TT....TT.T...TT.............T.TTT..T..T..T..TTTT..........T..T....TT...T.T....T..................TT..T...T.....T.T....TTT.....T..TTT........T.T.T.......T.T.....TT........T...T.T....T.....TT.TT......T...T........T..........T...T...T.............TTTT...
TT....T......T..........T...T..T...T.......T..........T..........T....T.......TT..T...TT....T.............T..........................TT..T.T.......TT......T..T.....T.......T..T.T..T.T...T....T......T.....T.T...T........T...T.T.T.....T....T..............TTT.........T....T........T....T.........T.........................T..T
...T...........T.......TT...........T..T.......................................T....T.....T.T..T......T..TT.T..T.........T...T....TT..T.T........T........T....T.T.......T...T..T....T.....TT..T..TT....T.......T.T....T...T.....T........TT.T..TT...TT...TT..TT...T..TT.......T....T...........T....T..........T..........T.....T..
.....T.T.....T.....T................T...........T..T......T.............T.T.............T...T.TT.....TT..T........T.T..TT.............T.....T..T..............T............T..TT..T..T..T......T.........T..T...T.T....T.T.....T...........T...TT.........T.........T............T.T........T........TT......T.........T.....T..TTT.
.T..TT..............T..T.........T..TT.......T.TT..T.T..........T...T...................T..T....T.T........TT....T..T.......T.....T.....T..TT...TT.........T..T..T..T....T..T...TT......T.............T...T..........TTT.T....T.........TT......TT...........T...T....T.TTTT.....T............TT..TT..............TT...TT.........TT
TT.TTTT...TT....T...TT.T.....TT......T............T....TT.......T...T.T......T......................TT...TTT.TT......TTT....TT..TT.T...T.....T.....TTT...T..T..T...............T..T.......TT..TT...T..TT.T..T......T...T...T..TT....T.T......T..........TT........T..T.TT...TTT.........T..T.....T........TT.T...........T....TT....
.T........TT.TT.......T.......TT..T....T.T..T.T...........T.T............T..T...T......T..........T...T..T.T...T.T...T.TT...T.......T..T.T....T...T.T.......TTT....TT....T......T..T......T......TT..T.T...............T.......T.T...T.....................T.T.......T.........T...T..T..T............T...T..T....T.T.T.T..........T
..T..T.T..T...T....TT.T........TT....T..........T...T......TT...T..TTT.TT.T.T.T....T..TTT.....T..T..........T...T...T...T....T.TTT.....T................T.T....T..T.....T.T..T.......T.T.T...T.............................TT.....TT..T.......T..T..T...TT.T........T...T...T......T.......................T...T.T.......T.T...TT.T.
......T...........T.T.T..............TT.....T..TT....T.T.T....................T...................T.......T.....T......T......T..T........T..............T......TTT...T.....T....T...........T......T.......T..........T.T.....T.....................TT..T.T.T..T.T.......T..T......T....T.....TT...T....T.........TT.........T.....
T....T..........TT..T......T...T...T...........T.T........T............................T.TT............T..........T...T.TT.T...T.......TT.T....T......TT......TTT........T........T.T...T.......T...TTT....T...............T.T.........................TTT.....T.TT..T.T...T..T.....T..TTT.....T......TT...T............T..T.......T
...........T.T..TTTT.......TT.T.T...T.T..T.T.T.........T...T.......TT.........TT...T....T.T...T..........T.....T..T...T..T.TTT..T.....T..TTT..T.....T...T.......T....T...T...T...T.T.T.T.....T.T............T....T...............T...T......T....T........T.T......T.......T..T..............T..T....T......TTT..T....TT.......TT...
.....TT.....T.T..............T...T..T......T.......T...T............T......T...T..T..T..T......T.T...T....TT....T.....T....T....................T.TT..T........T..T....T.T...T....T............T....T..T..T......TT......T..TTT...........TT.................T.....T..T.........T..T...TT.TT.T.....T.T.....T...T........T.....T.T...
.T..T...T.....T..T...........T......T....T.TT............TT...........T.T.....T.T.........TT.T...T...T..TT.T..T......T.T.....T..T........T.T...TTTT..TT.....T....TT..TTT...T......T..........T..TT.T............T..........TT..T..T.....T....T.....T.TT..T.T.......T...T.......T.....T............TT.T..TTTT....T....T....TT....T..T
T........TT...TT....T......T..T...T..T.......T..TT.TTT.....T..T..T......T...................T...T..TT...T...T............T.T....TT....T......T............T.TT.........T...TT.T......T...TT.....T...TT.....T.T........T...T.........T....T...TTTT.T....T.T...............TT.....TTT...T.........T.T..T............T.......T.....T...
T.............T......T.........T.......T..T..T....T......T.......T....TT.............T....T..T............TT....T......TTT........T..T.TT..T..TT..T.T.T.............................T..T....T.....T..T......T...T.....TT.....TT..T...TT..T.....TT..TT....TT.........TT..........T..T..T.....T..TT....T..T......TT...TT..T...........
......T...T...........T...TT.........T.........T.........T.....T......T..T....T....TTT.TTT.....TT.....T...T.....T..TTT..........T..TTT......T.TT.........T.....................T.TT..T..T.....TT...TT....T.........T.TT......TTT................T............T.....................TT..T........TTT.T......T.T......................
.....T..T........TT..T.T.......TT..T.T......T.........T......T..T.TTT....T..T........T.T......T...T................T.TTT...T....T.....T...T.....................................T......................T..T...T........T.TT.......T...T.T.TT.T..T.TT..T..T......T.T....TTT..T...........T.T.....T.T................T.....T......T...
T...T.TT......T.......TTTT.............................T........TT.T..TT..T.........TT.....T.......................T.....T..T.....TT............T.......T.........T.T.TT.....T.......T....T.T..TT.....T...T....T........T..TT..TT..T.................................TT..T........T....T.T.....T.T....T...T.....T..T....T..T........
T....T..T........T..T..TT.......TT.T.........................T..T.........T..T.........T..TT...........................T.......TT........T....T..T..T..T....T..T....T...T...............T..T..T..T..T..........T..T.....T......TT....T............T....T..........T....TT........TTT.T...T.T...T.T........T.........T..T...T........
...............T..T.T...T..........TT...T....T.T.T....T...TTT.TT...........T.T..TT.T...TT..T.T..T....T.......T.T.T........T..TT.......T.T..T....T................TT...T...TT.T......T...........T.....TT....T...T......T........T....T.TT...T.........T....T....T.......T.....T..............T......T...T....T.T....TT.....T...T...T
..T...T.............T......................T...........T.......................T..TTTT.....T..T...T..T.T.T.T.........T......T..........T...T..T................T.T........T..T..........T....T........TT.T............T.T....T....T.......T.T...T....TT.T.TTT..........TT.....T.....T.....T....TT...........T.....T.....T.T.T.....T.
.........T...T........T..T...T......T.....T....T..T........T........T..T.TT.TT.TTT.T.........T.......T.....T...T....TT........T......T..T......T.......T.........T...T.....T...T.....TT..T.....T.......T.........T.........TT.T......TT.....TT..................T...T.....TT.T...T.T..T......T.T.T.T.....TT...T.........TTT...T..T..
T.....T.T.........T......T....T.....T.........T.T.T.T....T..T.T.T......................T.......................T.......T.T........T...TT.......T.........T..T..........T...........TT.....T.......T.........T.........T.....TT....T......TT.................T........T...T...T.T..................T.............................T...
.T.T..T............T...T.T..TTTTT.........TT.......T.......T.....T...T.....T.T..........T.T.....T...TT...T..T.T.........T............T.....TT..............T.....T.T....TTT..T....T.TT...........T..........T.T...T.......T.T..........T...TT.T..T...T....T...T......TT.........T....T.....T.T.T.....TTT...T.T...T.......T.T.T.....T
TT.T......T.T.T........T..............T.............T..TT..T...T.TT..T...TTT......T.TT.T.....TT............T.TT.......T..................T..T...T.........T.........T...T..T.......TT..T.T..T..T................TT...................T...TT.........T..T.......T.......T....T.T....T....TT.........T......T...T.T.................T.
.....T.TT.......T...T..TT....T.T..T....T.....T....T....T..T..T..T....T.....T..T....T.TT...............TTT..T..TT...T.........T....T.T........T....T...........T.............T...............T...................TT..T.TT...........T.............T.T...T..T.......T...............TTT.T...TT......T....T.T...................TT.....
..T.TT..T..T....TT..T.........TT............T..TT...TT..T.......TT..T....T.....T..T.T.T.............T....T.......T.....TT.....TT.T..T..T.T...T.T...TT..T......T..T...............T..TT.....T...T.......T...TT.T...T..TT.T.......T...TT..T......T....T............T.T.T.T................T....T..T...........T.....T.T.......T..T....
T..T...T..T.....T.T......T..............T...........TT.......T.T............T.......T.......T........T..........T.TTT.TT..............T........TT..TT..T..T....T..T....T..................TTT.......T.....T...........T.T........TT..T.....T....T.....T.T.......T.T..T.T..T............T....T............T....T..TT..T...........T..
.TT.T.....T..........T..........T..T.T.TT.....T....TT....TT............T...T...T..TTT.......T......................TTT...TT.T..T.T....T....T..T..TT......T.T.T......TTT...T.......T...T..................T.....TT..T..TT..T.....T.T...T...T...........T....TT....T........T..T.TT....T......T.......T....T.......T......T......T....
T....T......T......T..T.....T.T....T.TT........T...T....T...........T...T..T........TT...........TT...T......T...................TT..T.T..T..T.......T........T..T.....T.......TTT.T...T..T.T......T......T..........T....TT......T....TTT........T........T....T.T..T....T...T...T..T..T...........TTT..T..TT.T.T....T.....T..T..TT
....T......T.......T.T..TT........T....T.T...T.......T..T..T..T.T.T.........T..T....T...TT.....T..TT.........TT.......TT......T...T..........................T....T.....T.....T.T.............T.........T...TT......T....T..........T......................T..T....TT.........T...T..T.......T.....T........TT.....T......TT...T....
..TT...T.T.......T..T..........T.TT.........T...........T..T.T........TT.T.T.......T...........TT.TT.T.....T....T.T..T...T....T.............T.......TT.......TT..T.....T...T..T...T......T....T..................TT.TT..........T.....T.T.TT.........T..T.T..T..TTTT..T.T.........T.T...T..T....TT......TT.T...TT....T..T.....T.....
T......T..T.T..T.....T.....T...T..T...T...T...T.TTT.........T..................TT..........TTTTT.........T...TT....TTT.T..........T.TT....T.......T............TT............T...T....T.....T........T.........T.T..T.........T..TT...T...T...TT.....T...T...T....T..............T.......T......T.T....T........T....T..TT......T...
.TT...T.....T.T.........T.....TTT.T....T..................T..T....TT......T..T........TT..T..............TT..............T......T.T...............T..T........T..T..TT.............T....T....T..TT..T...TTTT..T..T...T.......T.T..T.T.T..T.T....T...............T....T.....TT...T.....T.T.......T.......T....T..T.......T..TT....T..
...T..T........T..T.........T............T.......T.......T.T........T.........T....T......T..T....T......T..TT.T.....TT.............TT...T......................T.T.........TT....T....T..T............TT....T.T..TTTT..TT......T............T...T.T..T.T...T.T.....T..T..T...T...T....T.T...TT..T.........T..T.T...TT..T...T.......
..T...TT..T.................T..T.......TTT........T...TT....TT..T........T.....T...TT...T...............TT.........TT....T...........TT.TT...TT..T............T...T......T.................T......T.T........TT..T.........TT....T...T.T..TTT.......TT...T..TT.......T....TT..T..T.TT.....T.T...T.......T...T...........T...TTT....T
T.......T....TT..TT.....T......T.................T..T..........T.T....TT............T..............TT.T.T..............................T.....T.....T.T............................T.T.......T........T....T......T.......T.....TT.T.T...........T......T..TT..T........TTT........T..T...T..........T.....TTT.T...T...............T.
....T..T...T.T..T...T.T...T.T..T...........T..T..TT.T..........T......T.T............T....T....................T..TT..T......TT.T...T....T....T.....TT.....T.T...TT.T....T.......T.....TT.......T..TT.....T.T....TT....................T....T...T.T....T...TT.T...........T....TT.....TT........TT..T.T....T.T............T.....T...
T.....TT..........T........T...........T.....TT.TT..T....TT.........T...........T.............................TT...T.............T..TT...............................T....T..TT............T........T.....T...T.............T...T...........T...T...T.TT.............T....................T..T...T...........T....T..T...........T..
.T.......T...T...T..T.T..........TT...T.....TT......................T...TTT.......T.TT.........T.T..T.......T.T.T.T.T.....TT.................T..T..............T....TT......T.T.....TT..TTTT.........T...TT........T..T.......T....T..........T...T............T..T..T....T...T.......T...T..T......T.....TT....T.TT................
.........TT...T.......TT.....T.T....T..TTT........TT.......T...........T....T....T..T.............T.....T.T.T....................T.........T.....TT...........T.T..........TT.T..................T...........T.TT.....T......T.........T.....TT........T..........T...............T......T..T.T..............T..TT...T.T............
........T...T...................T.T.......T.T.................T.....TT..........T.T...T.....TTT.......T...........T....T............T.T.....T..........T....TT.....T......T.T.....TTT..............T...T..T...T...........TTTT.T...T...T......T....TTTTT..T.T.......T.T..TTT...T...T.....T.T....T.............T...T........T..T.....
......TTT.........................T.....TT....T..T.....T...T.T.......T.......T....T......T...T......T.........T...........T..T..............TT.T....T..TTT......T.T.....TT..T..T......T....T...T...T..T........TT...TT.T..T........T.T...TT.......T..TT.............T...T....T..T.TTTT.......T.T....T.T...TTTT.............T........
.T....T.T.T...TT...TT..T.T..T...T......T.T.........T.......TT.T...T.......T..............T.T.T.T..........T..T........TT.....TT.T.T................T.T....T....T...............T.T....T...........T...T......T..TT..T............TT.......T.T.......T...TT...T..T..T....TT...T.T.T..T..T....T...............TT.T..T.......TT.....T..
...T..T.TT....T..T.....T...T.T............T..T.......T.......T.T......T.T...........T...............T..TT....T............T.T.....TT..T...T....T...T.T.T...T.....TT...T.T..T...............TTT.T.........TT.......T.........TT......TTT......T...T...TT.T.....T.....T.TT.....................TTTT..TT.....TT......TT.....T..T.......
TTT.T.......T...T..TT..T..........TT..T.TTT...T..T....T...T..TT.T..........T.TT.T.TT........T....TT..........T..T.....T....T......T......T.........TT....................TT....T...T.T...T..............T.T........T..T..T.TT.T..........T.......T.............TTT.TT......T...T...........TT......T...T.TT....T..TT..........T....T
TT..T.T....T..T.........TT..TT.T....T.T...........T...T.T........T....T.....T.T.........T...T..T.................T......TT.....T.T...T....T.T...........T..T...........T............T.T.TTT............T...T.......T.T.T...T..T.....T.........T.............T........T....T...T..T......T...............T.......T..TT...T.TT.TT...T.
..........T......TT...T..............T.T............TT..T..............T....T..T..T.T.....T..T............T...T..T......T......T..............T.T..........TT..T........T.......T.T.T..T.T..T..TT.....TT.........T....T.........................T...............T............TT...T..TT......T..T..T.....T.......T...TTTT..T........
..........T.....TT....T...T.T.T......T.TT.T.T.T.T.TT..T......T.......TT..T.TT...T.T........T...T..TT.......T.......T.......T...T...T.T..TTTT...T...TT...........T........TT...T.T...T.T....TT.....T..T....T.T...........T............T..TTT..........T..T....TT.....T...........TT....T...TTT....T......T.T.T.......................
....T.TTT...T.T......T.......T......T.......TT...T........T...............................T.......TTT.T..............T..T...T..........................T........TT.T.....T.T.....................T.T..T.T.TT..............TT........T.....T......T......T...........T..T.......T.T..T.....T...T.....T....T.T..T.T..T.T..T...........
..T....T.TT.T.................T..TT..........T.TT.T..............T............T...T.TT.T.............T.....T.T.T.............T...............T.....TT........T...T.T..T.TT...T.....T.TT..T...T.....T..T.T.........T.....T......T....T.T.........T......TT...............T..T..T...........TTT............T.......T.TT..........T....
.TT...T...............T..T.......T.....T.....T.T.......T..T....T......T.T............T........T........T...T.T..T.....T.....................T.T...T..T.......TT.......T...T....T.........T....T......T.TT...T..TTT..T.....T..T........TT....T...T...T.......T.T.......TT..................T.T....T............T.T..........T..TT....
T.T......T.TT....T.......T..........T..T....T....T..T.T...T...............T.......T..T.......T.....TT....T..........T......T.........................T......T....T.T......T.....T..TTT.......T.T..T....TT.............T..T...T..T.....TT.T..............T.....T.....T..TTT..T.........TT.TTT.....T.T............T..T.......TTT.T....
....TT..T..T....................T....T..TT..T...T..T..T.....T.T................T.............T.TT....TT.....T..............T...........T..T.....T.T.........T...T..T..TT........T...T.T...T.......T..........T.........T..T.TT.T.......T............TT..T...TT.....T.T.TT....T....T...T.T....T.T....T..T...........................T
...............T..TT.......T..T.........T.TT...TTT...........TT.......T.T...TT.....T.......T.......T..........T.....TT......T......T....T............T..............T..T.............T.T.T..TTT...T.T.....T.........T.T.....T...T.T....T...T......T..T..T..........T...T.....T...................TT.T......T...........T..........T.
...T.T.TTT...T.........T.......T..........T......T.T.....T....................T.....T......T.....T...T....T.T..T.........T..T...T.....T.............TT...T....T......T..............T.........T..T.....T...T...T...T..T..T...T............T.....T....TTTT..TT...........T......TT...........TT....TTT.....T...........T....T.TTT.T..
T.....T........T.T..T......T...T.................................TT....TT........T.T.....T....T....................T..TT.....T........T.T..TT.........T.....T...T...T.............T....................TT.TT...TT.TT....T........TT...T..T...T........T.TTT......T.T........T....TT..T.........................TT...........T....T..
...........T....T..TT..T..T....T..T.........T....T..T.....T...........T.....T...T........T....TTT...TT.T..T....TT.TTT..TT..TT....T.T.....T...T...T..T....T.T...T.T..T...........T.TT.........T...........T..TT...................T.........TTT.T.........T.T........TTT....TT..TTT......T...TT.TT....T.T....T...T........T.T.TT.....
.........................T......T...T..T.............T....TTTT...T...T..T.TT........T.............T..TTT.T.............T.......TT...............T..TTT.....TTT.....T.T.T.T.T.T....TTT.....T.....T.....T.........TT...........T.TT.......T..TT...T..T....T..T.T...TT.........T........TT....T.T...T..T..........................T....
.....T.TT..T........T.T......T.T.T.T.T...T......T...........T...........T.......T....T......T....TT............T..............TTT........T...........T......T.....T.......T.TT.T.T......T......T.T...T.T.T.TT............T..T..TTT.TTT.T......................T......T...TT..T.T....T......T.TT....TT..T........T............T......
........TT.............T...T.T....T..T.T..T..T...........T.T.T.T.......T........T.......T......T.....T.....T...T....................T......T.T.T.............T.....T..T................TTTT.........T..T.T.....T.T.....T....T.T....T.T........T....T...T.....T..T.T...TT............T...T..TT..T...T.TT......T.TT......T.....T..T.T.
TT................T......T.....T...T.....TT.T.T..........T...T.......T.T.T..T..T....T..T....TTTT..TTT...............TTT...T...T.....T....T........TTTTT.......TT.T....T..T.TT.TT.T.T...TT.......T.......T..T.T..T......T............T..........T...T.......TT.............T.T.....TT.TT........T........T.T.......T........T........
TT.T...TTT.T....T.T.T..T...T.T..........T..........T.T.......TT.......T.T...........T.....T.T....T....TT....T.....T..TT........T.T.....T.T...........T..T....T....T..T.TTTT.T.........T.....T....T.T..T...T...T.....T.T.............T...T..T.TTTT...............TTT.....T...T.TT.....T........T......T.T.TT..T..............T.......
..T.........T...T......T.TT..TT........T.T.T........T..T..T........T......T.T.T..........T..............T.T................T..T...T......T..TT..T.T..........T....T...........TT.TT.....TTT..T...TT..T.T....T............T.........T...T.T...T....T.T.T...TT.T...T..........T....TT....TT...T...T.....T......T......T.T....T..TT....
.........T.T......T.T......T....T.T.T.TTT.T...................TT..T..........T........TT........T............TT.....T......T..T....TTT..T.T...TT............T..T......T........TTTT.T..T....TT.T..T..T...T..TT..T...T.....T...T.TT......T.T.TT...T..TT.....T....T.......T..T.......T......T..T.T..T..............T...T..T...T......T
TT...T.T..T.......T...TTT.....T.T....T.......................TT.TT..T.T.T...........T.TT..........T..T...T...T.....T......T....T...T.............TT....T...........T....T.......T...T...........TTT.....T........T.....T..T........TT....TT.T.........TT......T......T........T.T.T.T..T..T.......T.T.....TT......T....T...T.T......
.......TTT......T...............TT.T.........TT.....TT....T..T..T..TT....TT.........TT....T.T.TT............T......T...T.............T..T...........T...................................T...T..T..........................T..................T.T......TTT..T..T......T..................TTTT........T..T.T.....T...........TT..TT.TT
TT..T.TT.......T...T.....T.T...TT.....T.......T......TT.T.....T.T...T.T....T.....T.........T.TT.....T....T...........T..TT........TT...T..T.T...TTT.......T..T..T........T..T......T.T.T.........................T............T.........T.....TT.......T.........T.TT....................TT.....T...T.....T.T...........T...T.....TT
........T..T.............T............T..T.T..........TT..............T...TT.T.T..........TTT.......T.....T....T..T....T.T...T.........T.........T....T..TTT..T...T.........T..T.....T...T.......T..........T..T.........TTT...T..........T.T........TT.T.T..T......T.T..T....T..TT..T.....T.TTT....TT.T..T...T..T....T........T...T
.T...TT..T.TT.....T.TT..T.T......T...T...TT..T.T.................T......T.T.TT.........T..T........................T..........TT......T..T.T...........TT...T.....T.....TT............T.......T.T.T.......T...TT..........TT..T.....................TT.........TT..TTT......T......T.T......T.TTT.......T..............T..T..TT.....
.........T........T.T.........T.T...T.......T.......T....T...............T.....T..TT............T..T..T...T.....T..................T..T......T..TT...........TT.....T......T.........T......T.............T.............T..T.........T....T.T..T........T....T.TT...T.T.......T..T...T.T..T..T....T..........T..T.T......T....T.....
...TTT.TTT...T.T.T...TT....T.T......TT....T......T...T....TT...TT.TT.T........T...............T.....T....T...T..T..T......T..T...........T......TTTT...TT......T.T.T.......T....T.T.T..T...T..T....T..T.T...............T.....T...T..T..T...T.T....T...........T..........T...T.......T......T....................T....T.....T...T..
.T........T.T........T.....T...T........T.....T.......T..T....T.T....T....T...T.........T.......TT..T...........T.T..T.....T.................T.TTT.T....T.TT...T.T......T.........T.....T.....TT....TT..T.T.T..TTTT...........T........T.....T...T...T.T..........T..T...TTTT.T.....TTT.T......T.T.......T........T............T...T
T.......TTT.TT........T.T.....T.T................T....T................TT..T......T......TT...........T...........T.TT..T....TT........T..TT.......TT.......TT..T....T...T.....T...............T..........T.......T........T...T.T.T......T....................T...TT...T.T....T................T...........T..T...T.............T..
.......TT....T.T.T...T...TTT............TT..T...T.......T.T....T...T.T............T....T....T....TTT.T....T........T.T..T...TT.......T.....T.....T.....T..............TT......T...T..T...T.....T..............................TT...........TT........T.............T.......T..T........T........TT........T.T.T.T.....TT.TTT.T......
..TTT..TT......T....T.............T.....T..T.T..TT..T..TTT......T......T.T..T.......T.T.T.TT..T...T.T.T.TT.......TT.........T......T..T....T......T.T......T...T..T....T.T.T.......T.TT..TT.....T...T......TT.T.TTT....T...............TT........T..T.TT..............T.T.....T........T..T...T....T.T.......T...T............T.....
TT......T.T..T.................T.T.T.....TT...T...............T...T.........T....T.T.................T..TT........T..TT.T.......TT..T......T..T.....T.T.T..T.T...T.......T.................T...........TT......T..T............T.......T..T.TT............TT.T.........T..T......T...TT.T.........T....T.....T.T......T......TTT....
...T.T.T...TT........T..T..T.....T.....TTT....T...T.TT........T..T.T.T.T...TT.T..TT..T........TT..........T....TT........T......T...T.T........T........T.....................T...T........T.T...T.T......................T...T...T..T.T....TT..T..T.....T.....T...T...T.T......TT.TTT.....T..T.......T..........................TT.
..T.TT.....TT...T.TT.TTT..T...T.......T.....T...T................T.T...T.T.....T...........T..T........T.....T........T.................T.......T.....T..T....T......T......T.....T......TT.T.....T...T......T...TT.........T..............T..TT.T....T.........T.T......TT..T.........T...T.....T.....T.....T...T.TT...T........T..
T.TT........T.T.........TT.....T......T.TT.T......TT....T...............TT..T....TT..T............T..T.T...T..T.......T.TT.........T.......T........T...........T...T.T.........T.........T...T.T..........T...............T...T.TT...T.........T...T....T..T...TT........TTTT...TT..T.....T.........T.T.TT..T...TT...............T.
T.....T.......T.T...T...T.T...T.TT..........TT.......T.......T.....T..T.....TT.TTT..T......T.....TT.T....T........T.TT.......T.T.T.T....T....TT.......T...T.T.....T...TT......T.........T............T...........T.........T..T............T...T..............T................T.T..T.TT..T.T..T..T.T.T.TT.T..T..T......T.......T.TT
..T.............T.T.TT.TTT..T...T.....T.TT...T..T..TTTT..T..T...T............T............T.T..............T..........T...............T.T.....TT...........TT.......T...TT...T..TT..T...T.T.........TTT....................T...T..T.....T.TT...T..T..............T..T..T..T....T.T....T.........T...................T............T..
..T......T.T.........TT.T.............T.....T......T.T.T....T.T.....TT.T............TT...T.......T...T..TT.......T..T.TT...T.T.....T.T..T..T........T........T..T.T.....T..T.........T......T...T...T.........T.T...........T..............TT......TT..T......TT.....TT..T...T....T.........TTTT.T...........TT.............T....TT.
T..T.TT.................TT........TTT..........TT..........TT...........T.....T...TT.....TT.T...T.........T........TT...TT.......T.TT.............TTT.T.....T....T.......T...T......T.......................T.T....T.....T..T...T.TT..T.T.....T....T.T...TT............T..........T................T....T.T.T......T.....T.....T....
.....TTT..T....T.......T..T..T..T.............TTTT...T.T..T.T...T.........T...T..T.T...................TT.TTTT..T..T...T.......T...TT....T..TTT........T...T.....T........T...T....T..T........T....T.T...T..T........T....T....T........TT....T.......T.T....T.................T...T...T.........T.T........T.........T...........T
T.......T..T..T....T.T.......T...T..T....T......T....T..T.TT..............T........................T....T...TT..T.......TT...TT.T.T..........T...............TT...T.................T....T.T......TT.T.....T...T..TT....T.T.TT...............T.....T.T.TT.....T...T....T.........T...TT......T............T....T.........T..T.......
.TT......T...T.T......T..TT....T...T.T...T...T.....T...T.T........T.....TT....T....T.TT.T.T.........TT.T.T....T.......T.......TT......T..T.T.......TT.T.......T.........T...............T.....T.T.T.T.......T...T....T.........T...T.T.T..TTT.....T..............TT....TT.......T.........TT.....TT....T.T...T.TTT.T.TT.....T.......
T..T.........T.T.....T........T.T.T....T....TT..T...T.............TT.........T.......TT..T.T.T...T.......T.T.T...T.T....T....T....T..........TT.T..............................T..TT..T....TT....T...T.TT...T.....T...........T.T..T......T......T......TTT..T..T.T.....T.T....T..T.....T...............T...T...T.T.T.....T.T...T...
TTT.T....T.T........T.T.............T...T.T.T..T........T...T...T...............T.T......T........T.........T......T..........T.T...........T..T.................T..TT..............T...........TTT..T........T........T.T..........T.....T.....T......T..T..........T............T......T.T.T.....T...T........TTT..T.........T....
T..T........T..T...T.T.........T.....T.TT.....T.T.............T..........TT...T.T..T......T...T..T........TT..T....T....T.T....T.............T..T....T......T.T.......T.....T.T...........T...............T.T..T.T...T.T........T.............T...........T...TT.....T.......TT....T.......T.....TTT..TT.T..T..T.....T.T.T..T...TT..
..........T.T.T..T..T.......TT.T...T......T..T........TTT.TT......................TT..T...T.T.....T....T..............T.T.T.........T...T.............T.....TT........TT.T.....T.T.......T....T.........TT..T.....TT......T....T........T.T.........TTT.T.T........................T........T.TT...T.T...T......T...T......TT.T.T...
...T.....T..T.T....T.............T.......T......T.....T.T...................TT.T..........T.T.T....T..TTT.TTT.TT...T.......T.T.......T...T................T....T.....T..TTT...TT........T........TT..T..T....TT..........T...................T.T......T........T..........T....T.........T......T..............T...........T..T..T.T
.......T......TTT.....T..TT.........T...TT...T..T.....T......TT.TT........T..........T........T..............T..T.T..T............T.....T...........T.......TT...T......T..TT...T..T.TT........T.....T...TT.TT.T.............T......T.....T......T....T............T...T................T.T......T..TT....T..T.T...........T....T...
..T.T..T..TT........TT..TT..T..T........T.......T..T......TT..........TT......T..T.TT...T.T................................T.T...T.....T....TT.....T...T....T..T......T.T........T.....T..T.......T...T.....T.......T....T......T....T...TTTT.T....T.T...T...TT...........T....TT.....T......T.T.....T...T..............T...........
T.T.............T.............T..T...........T....TT.TT..TT.T.....T................T...TT.TT..T....T...T....T..T..T..TT...........T.....T.T...T..T...T.T.....T...T..T.........T.......T.T........TT..T..T..T......T.....T........T.T.................T...T....T.......T.......T.................T..TT..T....T........T....T........T
......T....T..TT..T...T.........T..................T.........T...T.....T.T..T.T.T............T..T.T................TT.T.........T.......T......T..........T......T.......T....T.T........T.......T...TT........T....T....T...T..TT.....TT..TT.T.................T......T..T.......T.....T..T..TT..T....T..TT.T..TT...T.TT......T....
..TT.....T.......T.T....T..TT.T.T............T........T....T.T.........T.....T..T.TT..T......T...............T....T.T.T......................TT....T..............TTT.T.........TT...TT........T..T...T.........TT...T...TT..T.T..T..T.TT.TT...T.....T............T...T.......T.........TT........TT.T...T.....T....T......T.T....T.
.........T....T.T..T............T.T....T.........T.....T...T........T.T...T.T.T.........T..T........TT.T.T..T.TT....T.T.T.T..T.T.....T....T.....T......T...........T..TT..T.....T.........T...TT.....TT.T..T....T.T.........T.T..T..T......T..........TT...T.T...T.......TT..TTT..........TT...T..........T......TT..T..T....T......
...T.T.....T....T......T...TTT.TT.......T...........T...TT.......T..T...........T.......T..........T.........T.T...T.T.T..T..T.T.T.T.T..T...T............TT..........T.TT.....T.T..T.........T....TT.....T....T.TT..........T.T.TT.T.................T....T..T.........TT..T.........TT...T...T..T...T....T........T....T...........
..TT.....T.......T.T..TTTT..............T.........T...T.....T........TT.T..TT...T..T.T...........T...TTT.....T....T.......T...T..T..TT...T.....T..T..T..T....T..T.TT....T..TT..............T..........T..T..T..T......T..T....T..T......T......TT......T.......T.....T..TT...TT........T...T....T....TT......T.TTT...........T..T..T
.................T....T.T.....T....T..T.TT....TT......T..T........T.T.TT.................T.....T..TTTT......T..TT......TT..T..TT......T...................T......TT.T..TT.....T..T...T...............T.....T...TT..T..........T.............TTT..TT..T.....T.......T............T......T.T.T.....T.T.T...TT.T.......T..............T
...T.....T..T......TT.T................T......T...T.....T.........T..T..T.......T..........TTTT.....T....T....T.....T...T............T.T.......T......T..T.....T.......T..T..T....TT....T....T.T......T....T.........T.........T..T.T...........T.........T............T...TTT..TT......T.T...TT..T...T.T.T.T..T.T...TTT.....T..T...
.TT.......TT.T.............T..TT...T....T..T...T.....T..T.T...T......TTT....T.....T..TT.....TT.......TT......T......TT.......T....T.......T....TT.TT....TT.................................TTT........T...........T.T...T..T..T...TT.T.T........T........T....T....T.TT.TTTT..T....T..........T..T..........T.T....T.....T..........
......T...TT....................T........T..T......T.T....T...TT............T..T....T...T.....TT...T.....T...T.T.T..........TT.T..TT......T..T..T..TT................T..........TT...........T..T.......TTT.T..TT.......T......T......T........TT.T...T..TT..T.T.......T.T........T..T..............T..T.T..T...............T.T.T...
T....T..TT.T...T..........TTT...T...T...TTT...T.T....T..............T.T....T...........T.T.T.TT.T.....TTT......TT...T.......TTT.........T....TTT..........TT......T....T.T.....T...T...TTT.....T.....TTTT..T.......T............T.T.T......T......TT.....T..T.............T.........T....TT..................T.TT...................
T...T..T...TT...T.........T....T....T..T.T..TT..T............T.T.T.T.T.T............TT...T...........T....T.T.....T...T............TT...TTTT...........T..T..T...T..TTTT.............T.......TT....T........TTT......T..T..T.T.........T.......T.......T...T...........T.T..T.T......T.TT..T...............TT.T..T......T..T........
.....T.........T.TT...T.....T....T........T....T.....T.....T...TT...T....TT...T.TT.......T..TT......T........T......T...T....T.T.........................T.T......TT........T.......T.T..T........T.T..T.......T......T....TT...T..T.T.........T.TT.........T...T....TT..........T...T................T....TT......T...T......T.....
...TT.........T......T.......T.T...T.....TT.......T.....T....T..T...T....T.T.T.............T...T....T...T..TTT.......T.T..............T....T...T.................T........TT...T...T....T.....T.....T.TT.T.T....T......T........T.................T.....T........T.T.........T.T....T...............T..T.T.........T..T.......T...T.
T.......T......TT....T....T.....TTT.T.T..............T.......T....T......T......TT.T.......T..T...T..T...............T..T....TT....T.T.....T....T...........T....T........TT....T..T.T......T.T.TTT....TTT..TT..........T..........T......T....................T...T..T...T.T.T.T.....T....T.........TT..TT...T....T.....T..T..T....
T.......T......TT..T.............TT.......T....T....TT...T.....T.....T......T..T........T....T..T......T.T...............TTT.......T.........T....T.....T....T..T.T....T.............T......TT...TT.T........T.T...T.....TT.T....T..........T.T........TT..T....T...T...T..T.TTT..T........T...T......T.T..T.............T..T..T....
....T..........TT...........................T.T....T......T...T.T...T......T......T.........T..................T..T.T....TT....T.T...TT..T...T..T.T..T.......................T.T.T.T........T............T.TT....T...T...............T..T...........T....................T...T.......T.T...T....TTT.T.T.T..T...T......T.T...TTT..T..
.......T.TT..T..T............TT..........T..T.T..T.T...........T.T...T.T.T...T.TT..T.TT..T..........T.............T....T.....T........T...T.TT......TT...T.............T...........T.TT..TT.T...TT.TT..............T.T........T........TT........T...T.........T.T...T.........T.T............T........T.....T.....T.T........T.....
..........T........T......TT......T...TT..T.....T..T..TT..T..T.T.........T.TT.T.....TT....T....T...T...T..T.T...T.T........................T.........TT..T....T.T....TT.....T....T......T....T...........TT.T.......T....T.TT....T...T..TTT....T.....TT.T....T...............T.....T........T......T..TT........TT......TT.TTT......
.....T.....T.........T.T......T........T.TT......T.T..T....T..T...T...T.................T...........T.T......T..T...T..T.............T...........TT...TT..........T..TT......T....TT...T..T........T...T.....TT............T..T.........T.T.........T.TTT.T......T.......T........TT.T.T......TT..T.T..T.....T....TT........T..T....
....T............TT.................T..T.....T.T..TT...........T...TT.......T..............T...T...T.....T.T.....TTT................T.............TT......T..T...................T.TT....T...T.........T.TT.T......T.......T..T.............TT.TT.T.TT..T....T............T.TT..................T.....T....T.................T....T.
......T.....T..............T.TT...T.T.T...T...T.........T..T......T......T..TT..T.....T.T.T......TT..T.......T.TTT...T..T.....T..TT........TT...TT.T.T.....T..T.........T......T...T........T.......T.T.T.............T..TT..T......TT...T..............................T..T..TT...T..TT.T....T.T...T..T.T.......T...T.TT..........T
...........T............T...T...........T...T..T.T.T.....T.......T........T.TT........................T.TT............T.....T..T.......T.T............T..T.........T....T.....T.............TT.......T.....T.T...T......TT.T..TT.T........T....T..T.T...T........TT.....TTT...TT.......T....T.TTT........TTTT.T........TT.T...T.T..T
...T........T..T...........T..T....T..T.........T...T.........TT...TTTT...T............T.TT.T......TT...T......T.T...T..TT......T.T.T...T.T..T....................TT....T....TT....TT.....................T....................T........T.......T.T.TT..T....T....T.TT.T.T..T....T.........TTT...T......T....TT..T.T.TTTTT...T...T.T
......TT..T......................T..TT..T.T....T....................T.TT..T.T.TTT..........T.....T..T...T......T..........T..T.T...........T.T.TTT................T.T..T........T..T.............T.......T.......T..........TT.........T.T.T.T..T...T.T..T...........TT................TT..T......T.T....T.......T..................
.TT......T...TT..TT......T........T..........T...T..T.....T...T...T...T......T..T.TT..T.......T...T....T........T.T.........T...........T..........T.T..T.T.T............TT.......T...........T......TT.....T..T.T...T...T........T..TTT............T...T...TT.........T.T....T...........T..............T.....TT....TTT.T.T...T....
...T...T.TT....T......T.........T.............T.T...........T...T..T........T.T...............TT..............TT.TT....T...T...T.T..T....T..T.T....T...T.T............T...T.T.......T..........T.....T.....T.........T......TT......T........T.......T..TT.......T..T..T.T...T...T..TT...TTT...T....T...T...........T.....T......T..
...T....TT.T.....TT....T....T...T.........T...T......T.......T...T.....T....T.TT.........T.........T....................T.................T.....T..................T..TTT..............T....T..T.......T...T...T.....T.........T...T.......T..T....T...T.....T..TTT.........T....TT...T....T.....T..T....T...TTT........T......TTT.T
T.....T.T.T.....T...T........T.T.....T..T....T..T..T..TT......T....T............T.......................T...T...T.....T......T.T............T....T......T..T...TT.T...TTT.....TT..............T...TT..............TT..TT..T.T.......T..T...T...T..TT.......T..TT................T.....T.....T............T.....TTT...T.......T.....T
..T.T............T........T.....T.T......T..........T........T.T...........T.TT.......T....T......T...T....TTTTT....T.T.T.............TT...........T..T......T..T.T............TTTT..T..................TT.T......T...TT............T.......T....T.T...TT..........T..T............T..TTT......T.T..T........T...............T.T.TT.
..T.TT.T.....T..TT.T......T.......T...T..T..........T...................TT....T.T......T.....T.T........T.........TT...TTT..........T................T..............T.....T.......T..............TTTTT....TT.T....TT......T............................T....T......T............T.......T........TTT...T..T.T.TTT...T.TT.T...T..T.TT
...T....T.T...T.......T...T......T....T.......T.TT.TT.T....T.T.T...T...T...T......T.TTT....T..TT.T....................T.....T..TT.....T..........T....T..........T.T....T.....T....T.T....T..T.....T.T....T.....................T...T.....T.T.....T..T....T.T...........T....T..........T..TTTT....TT.......TTTT.....T....T.T...T...
.T......T.T.T......TTT...T.....T..TT.T..T.T.T......TTT.T.....T..TT....T.............T....T.......T..TT..T........T..T......T...T.T....T..........T.T.....T....T...T..T............T....T..........T..T..T......T......T.T.....T....T......T.T.....T.............T.T......T....T.......T..T...T........T.TT.T..........T.T.....T...T.
...TT...T.T...T...T..........T...TT...........TT...........T.TT........TT...........T.............T..T.....T...T......TT.T................T...............T.........T.T...........T..T.......TTT.............................T.......T...T.T.........T.....T.T...T.........T.....TT........T..T...TT.T...................T.......T..
........T.TTTT.....T.T.T.T...T.....T.......T.T.T.......TT..T.TTT.T........TT..T..........T.......T..T..T..T.T..T.........TTT..T.T..T.T.......T.........T..T..T.T....TT........T..T...........T...T.TT......T..T.......T........TT.................T...T.TT.....TT............T........T..T...TT.......TT.TT............T.....T......
...........TT.T....T...T....................T..TT..T..T.T......T.....T...TT.TT...................T.T..........T....T.........TTT....T......T..TT....T......T.T..T......T...........T.....T.......T....T........T..T......T.T...........T....T.T.......T....T...T.....T.T.....T..T....T...........................T..T....T.......T..
TT...................T.T...........T.....T.......T..T......T.T...........T...T..T.TT......T.TTT....T...T.T..T.......TT.T..T.........T.....T.........T....TTT.TT..........T....T......TT.......................T.TT.T........T......T...TT...........TT..TT.T.T.T.............TTT.........T....T.....T...............T....T..........
......T.......TT......T.......TT..T........TT.TTT.........TT.TT....T......TTTTTT.........T......T..T...T........T..T...........T.T..T..............TT.T..............T.T...TT..T...T...............T..TT.........T..T..........T.........T.T......T...TT..........TT....T..T..........T......TT...T..T.............T....TT.TT.......
TTT..........T.T.T...T...............T......T..T..T..T..T...T......T...T...T.T..........T...T................T....T..........T.....................T..T.....T....T.T...T............TT.T..T........T.T...T.....TT.............TT...T....T...TT.T....T..TTT.....T......TT..TT.........T..T....................................T......
..............T.T...T....T.......T........TT..T............T..T..T.TT...T......T.......TT..T....TT..T..T.....T.......................TT.T.............T.T...........TT......T.......T..T......T...T..T....T.T.........T..T..TT..............TTT......T......T...T...............T..T..............T.T.................T....T.......T
....T....T.............T.T......T..T............T....T.....T.....T....TT.T.T.T..T.T..T........T.......T..T...TTT....T......TTT......T.........T.T.....T.T.....T..T......TT........T..T....T...T.....TT..T...T..TT...T......T..T....TT.T....T........T.T...TT.................TT..............T.T.TT..T....T...T..TT.T...T.T...T....T
T...T.........T.........TT.T....TT.T.T......TT...TT........T..T.T........T.........T..........T............T.........T..........T....T......T..........T.....T..........T....T..T........T...TTT.................TT.TT....T....T.........T.......T..............T.T.............TT...T.TT....T.T.T...TT............T....T...........
T.........T.T..T...TTT..T...........T...T.......T..T...TT...T...TT....T..............T.......T........T...............T...T..............T..T.TT.......T.......................T..T..............T.T.....T........T....T..TT..TT...............T....T..........T.........TT....T.TT....TTT....T.TT.......T.......T.........T........
TT................T...T..T...T..............T............T......T...........T...T.......T........TT.......T.....T.....TT..T..T....................T...........T....T.........T...T..T.T....T....TT.T....TTT....T...TT.T...TT....T...T..TTT..........T.....T....TTT......T................T............T........T.................T..
T.........T.T.T.TT.T....T....T......................TTT....T.T....T.......T..TT...TT.......T.....T..............T...T....T............................T...T.T.....TT.............T.....TTT.....................T.T.........TT....T........T.......T.......TTT.T.T.T........TTT.T.T..TT..T...........T......T..TT...TTT.....T...T.T.T
.T...T....T..........TT...............T.T...TT............T..T...T..T.T....T.....T.........T.T.....T.TT.T........T.T....T....TTT..........T.....T...T.T.....T.T.......T...TT..T.T...T..T.....TT.........T...T.....T....T......TT..T........T...T....T..TTT............T..T........T.T....T....T.T.T.....T..T..........T...T........T
...TTT.....T.T...T..T.......T.....T..T.T........T...T....T.TT..................T.TTT.........T.T..T.....TT....T..T..T........T....TT.T........T...TT..T...TT...T.......T.TT.T..............T........T.T.......T..TT......T........T.........T.TT.......T..........T.....TT...........T......T...T.......T....TT.T........T......T..T
.T.T....TT.T...T.......T......T...T...T...T...T..................T.......T..........T.T.....T........TT..TT........................T..........T.T......................T.......T.........T.......T.T...........TTT.T............T...T....T...........................T.........T....T...T.....T...........T..T...T.....T.T..T...T...
..T.....T....T.T...T........TT.....TTT.....T..T......T..........T........T..............TT...T....T..T..T..TT....T.......TT.T...T................T...........T...........................T..TT.................T............TTT..T..T.............T.........TT.......T.....T..T.TT....T........T.TT...T.T.TT...TT............T.T.T..
..T..TT.T..........T....T..T...T......T..T.......T.T.....T...............TT.T.T.......T...........T......T.T.............T.T...........TT....TTT......T....TTT.T..TT..........TT.TT.T......T.....T.........T..........T.....T.......T.............T.....TT..T..............T..T.TT.....T.....T.T..T....T.....TT...T.T...T..T........
.T...........TTT....T..T..T...........T.T.......T......TT.TT.........T.T.T............T.....T...T...T........T..TT.T....T..........T.T.TTT.T....T..T.......T..................TT...TT.T.T.T...TT.............T.............TT...T..T...T.T...T...............T...T.TT.T..T......TT.....TT..TT...........T....T.........T...T.......T
T.....T....T......T..T.....T.............T..T..T.T.T.............T..T.T...T...T...T.........T......T........T.T..T......T........T..T............T..T......T............T..........T.......TT......T.T..T..T...T...T.............TT.T.TTTT............T..T..T..T.....T.T....................T.........T.........T.....T........TTT.T
T.........T.....T...TT..T...T.........T..T...T.T....T.........T.....T...TTTTT...TT.......T....T.T.......T.......T.....................T........T.....T....T.T...T..T.T......T..T.........T.T.......................T.......T....................T.TT.T.TT........T....T............TT...........T.......TT............T...TT.T...T..
..TT...T....T.TTT...T...TT.....TT.................T..T.TT.......T......T..T.T...T.TTTTT.....................T.T..T..T...TT.................T.T...........T....T..TT...T.....T..T....T...........T..T.......T...............TTTTTT....T.......TT.....TT...........T..TTTT............T.TT...T......TT......T...T....TTT.TT....T......
..TT.....T......T.T....T....T......T.....T.......T......T.T..........T..T..T.........T............T....T.T...T.......T....T..................T...TTTT........T......T....T.T.......TT..T...T......T............TT.TTTT......T.......T...TT.........T.....T........T.........TT....T..T......T.....T.....TT...........T.T............
...T..T.T..T..T....T......T.....TTT......T.................T......T.T........T..T....T..........T.....T....TT...T...T.T..TT...........T.TT.......T.......T...T..T..............T.T...T........T.....T......T.....T....T..T......T.T......T..T.T...TTT...T...T..T.T.T....T.......T...T.T.T...T............T.........T.T....TT.T......
.TT......T.....TT....T..T...T.......TT...T.....T......T....T.....T..T.T..T....T...T.........T..T......T........T...T...T......T......TT..T......T.....T...T...........T....T.............T.......T............T.......T.......T....T..T...TT.......TT.TTT.......T..............TTT.....T...T..T....T..T..T.........T..........T.T...
T.............TT.T........T......T..T..T..TT.T....TT.T...T...TT.........T.........T.T...TT..........TT..T.............TTTTTT..T.........T.T..T..T....T......T...............TT....TT....TT.T.T..T.T...TT...TT..........T......T.................T.....T...T..T..T..........T....TT.T.....T..T.......T.......T.T..TT..........T......
T.T.....T...........T.T...........TT.....T..T...TT...T..T...T.TT................T.....T.T..T.T...T....T.T......T......TT......T................T...T..............TT.........TT.T.......T...TT....T..T.......T.......T..TT..TT...T..T.T..T...T.......T.T..T...T........T.......T....T.....T....T..T.T.TT...T.T....T......T..T.......
T.......TT..............T.T....T........TT.T.......TTTTTT...T......T...T....TT.......T...................T....T.....T..T.T...TT.T...T.T.......TTTT.T..T...........T...............T....T......T......TT.............T.T...........T...T.T....T.........T..................T....T.......TTT........T...T...TT.T.T..T..T.T.....TT..T.T
..T.........T....T.T..T........T.......TT...............T.......T...TT.T......T....T........T.T.TT....T.........T..T..T..T.....T...TT............T....T.T.T.T.........TT..T..........T.....TT...T...TTT...TT...T.TT.....T..T.........TT............T.....T...T...T...T.........................TT.T...T............T.......T.T.....T
................T........................T............T..T......T.T...TT.T...T....T........TT......T..T.T........T.T.T......T.TT.........T....T.T..TT..T....T...TT..........T..TT......T.........T..T...T....T.T....T..TT.TT....T.......T...TT...T..T.........T...T.T.......TT.TT.T.T..TT........T....T....TTT.T...T....T.T....T...T
.............T.............T..T.....T.....T....T....T.........T...T........T.T...TT..............T....T..TT........T..........TT...T......T..T............T.T.T..T.TT............T......TT....TT.T...T.....................T....T..T.TT.T.....T.....T...............T.T.T..T....T.....TTTT.T......TTT..T.............T.............T
....T..T..TT.TT..................T.......T........TT............T.T....TT..TT................T..T...........T.........T....TT...T...T...T..T.............T...........T.T.TT.........T.T.TT...T..............T...TT....T.T...........TT.T..T.T......TT.......T............TT..T........T.T....TT..TT.......T..T.............T........
TT.............TT..................T..TT...........TTT..T..T....T......T..T.......T.....TTT..........T....T.....T..T..T.......T..T.....T..............T..........T.....T...................T..................T..T......T......T...TT.TTT...T...T.T.TT....T..T.....T...T.T.T...........TT......T............T...T.TT.........TT.....
.......................T...T......T.....TT..T.T..TTT.T.T..T....T...................T.......T..T........T......T..T.....T....TT......T.......T........T...T......T..T........T..T........T...T.TTT....T...........T...T..T...................T.......TTTT............T...TT.T....T...TT..T.T....T...T...T...........T..T..T..T.......
..T.....T....T.T........T..T..T.T...T........T....T..TT..T...T...T............TT...T....T.T....T...........T...........TT.......T.T...TTT.TT....T..TT......T...TT.TT......T..T....T..TT....T...............T.........T.T.TT...TT...T.....................T.T.TT.....T...TT..TT...T...TT..T..T......T.........TT...T..T.....T.....T..
.......T..TT............T..TT..T...T...........TT.T...T.T.......T.....TT...T..TT.......TT..T.........T.T...T..........T........T.......T..T..T....................T...TTT.T..........T.....TT.TT...TTT..T..................T........T........T.T...T.........T......T..TT...T.............T.....T....T..T.......TTT....T.......T....
T..TT...T...T......T.T.T..T...TT............T....TT.............T.T.............TT......T.T...T...T......T..TT...............T.T.TTT..T..T.T....T.........T..T..T...........T..........T....................T......T..T.T........T......T...T...T....T........TT..T....T.......TT.........T............T.T.TT..........T........T..T
..T..TTT..TT....T......T.....T.....T....T..........TT.T....TTTT.....T.TT..T....T..T.......T..................T...T.T...TT......TT.T......T.......TT.TT..T......TTT.......TTT.T....TT..T...TT...T......TT...T....T.....T..TT..TT.......T......T......T...T...TT....T.....T...T.T....TT..TT.T..............T...........T.......T......
....T....T..T...T...TT..T...T....T.......TT....T........T.T.........T..T......T...T..T..T.............TT......T......T....TT.......T.TT...T.......TT......T........................T...T.............T...........T................T..............T.........T.T.................T....T.......T......T..T.....TTT....T...T.....T....T.
...TT.T........T................TT.T.T..........T.......T.....T......TT..............T..T..T...T.TT......TTT...T..T.T...T.....T......TT..T.........T...TT.......T..T...........T.....T.......TT....T....T..........T...T.........T.T.T........T.TTT..................T....................T...T......T......TT..T..T.......T........
T...T.TTT....T.....T......T.........T....TT.........T....T..TTT...T.T.....T.T..T..TT.....TT...T...........T....T.....T....T.TT.T........T...................TT.........TT.T..TT....T.T....TTT.T.T..T.....T........T..TT...T................T..T....T......TT..T..T.......T.....TT.....T..T........T...T...T....T........T..T...T..T.
.T......T..........T....T.TT.T.T..TT...TT.T........T...T.T.T..........T.T..T....T......TTT..........T.T..TTT..........T.T.......................T............T..T.T..............T......T...T.T....T.........T...T.........T......TT....T.............T...T.....T.....T...T....TT..T........T..........T.T.....................TTTTT
......T....T......T..........TT......T..T..TT..T...............T.T....TTT..T..T......T......T............T...T....T..T..T.T.T....T..T.......T..................T..T.T...T.......................T...T...T...TT..T.....T..TT..T..TT...........T......T....T....T.TT.T......T...........T..T....TT.....T.....T.T.............TT....T..
....T..T...T....T............T.T...T.T..T..T.T..T..T.T...T.T.T.T..T....TTT......T...T...............T.....TTTT.TTT..T.......TT.......TTTT....T....T....T.T..T....TT...T...........T.TT..T.........T.......T............................TT.T........TT........T..........T.T.T........T.TT.......T..T......T...T.T..............T...T
......T.........T...........T..T.......T.....T...T......T.T..TT...........T..T.T.T.......T.....T...........T..T.......TT......T......TT......T.......T......................T......T....T...T........T.....T.....T.............T......T.........T.TT.....T....T...............TTT..T..T..T.T..T..T...T..TT....T.T.T..T.....TT.......
T.......T.T........T.T...........T.TTT......T...............TT.T.T........T..T..T.TT........T..T.T...T...T..T.......T.T......T.......T.............T....T.......T...T...........................T.T....T.......T..T.T.T...T....T.............T..TT....T...TTT......T.......T..T....T..........T..T...T..T.TT.T..T........T..T.T.T..T
T...T........TTT....T.........T..TT...T..T.T........TT.T......T..TT.TT....T...........T.......TT....T........T....TT...T.TT.....TT.....T...TT.T..........T.........TT.T.T...........T.T..T..........T...TT.....T...........T.......T.........T..T............TT.....T....TTTT.....T..................T.....T...T.T..T........T...T..
...T...T........T..T.TT....T....TT..........T......T....TT......T.........T..T.T...T....T...T.T..T..T..T..T.........TTTTT.........T....TT...T.......T....T.....T.........T.T................T........T.T............T..........T...T.....T.T.T....T....TT.T.T......T......TT..T.T..T.T..T.....T...T...T....T.TT..........T..TT.T..TT
.....T.T.....T.T.T........T....T...TT...T.T...TT.......TT....T......T......T.....T.T....T.............TT.TT........T.......T....T..T.T.TT.T..TT......TTT..........T...TT.....T...TTT....T....................T....T.....................T....T........T..TT..T...T.........T.......T.T...T.............................TT.TT.T...TTT
..T....T..TT.......T..T.....T...T.......T..T........................T.T....T.............T....T..T.T............T.........T.....T..T....TT......T......T.T........T...T.T...TT.T.T.........TT......TT...TT.......T.TT..T..T......T.T..........TT...T....TT....T.T...T....T.T..T...T.T.T..T.T....T...T.....T........TTTT...TT.....T..
.....T.T....T.....T....T....T.T.................TTTT..............T...T..........T.T.......T.....T....T.TT..TTT.....T..........T.......T......T......T....................TTT...T..T..T.....T......T.TTTT...............T.T...........T........T.T.T...T.T.....T..T..T..........T.TT.T..T.T........T....T..........T..T.........TT.T
.T........T..T..T.....T...........TT..TT....T.....T...T.....T.T..T....T.....TT..T.........T.T..........T...T.....T..T.TTT.........T........T...TTT....T......T.....T.TT...T...........T.T...........T....T..TT...............T......T.......T........T...TT.T..TT..T.T...T...T....T..............T..TT....TT.T..TTT.........T...TT.T
.T.....T.......T....T.......TT..T.T.....T..T........TT......T....T...TTT...T....TT......T................T.T........T........T...................TT....T......T.....T.T.T..................T.......T.......T.TT..T.............TT...........T....TT..TT.T....T.....T..T................TT...T..............T.....T..T...T....T....T.
..........T.......T.T.T.T....T..........T........T....T..T....T.............T......T........TT.....TTTT.........TT..T.T.........T.......T...T......T.T..T..........TT.T.....T.T..T....T....T...T....T.T.............TT.....T...............T.......................T............T....TTT....T...T.T.................TT.....T...T....
......TT.T.T.T......T...T...TTT.....T..T.TTT..T..........T..T..TT.T...T....T.......T...T.....T.T.......TT..TT.......T.T.TT.......T........TT.T....TTT....TT..TT.........T..T.............T.......T.......TT..T..........T........T.T..T..T..T.TT..TTT.T..............T.T...T....T...........T........T....T......T...T.T....TT......
..T..T..T.T.T..........T...T........T.T......T..T......T...T..T...T...T.TT.T..T..T.TT......T..T.......T......T...T.......T.T...T............T.......T...T...T.T..T......T.T..TTTT........T.....T..TT..TTT..T.T.....TT..TT.T..T.....T.....T.T........TT..T........TT........T....T..T....T.TT.T..T.........T..T..................T.T.
...........T.........T...........T...T.T..T..T...T..TTT....T........TT......T.....T.......T..T...TT...T.....T.....T...T..T....T..........T.......T..TT....T..T...T..T...TT.......TTT....T.......T..T.T......T.....T.T....TT......................T..T.T......T.........T.T...T.T...T...TT.........T............T.....T........T...T.
..T............T.............T..T......T.........T....T..T....TT..T.T...T..T...T.....T.......T...TT..TT....T.T.T..TT..T..T.T....T..T.......T....T.....T......T.......T......T..TT.T..T..........T....T.T..T..............TT.........T..T....T...T.T.T....T...T.T.......T..T...TT.T..T...T............T..T...T.....T..............TT.
....T.T........T......T..T........T...TTT...TTT...TTT....T...T..T...T......T.......T.TT..........T....T...T.....T.TT.........T......T...T.....T.T...T..................T.......TTT...........T.T.....TT.T.T......T....T....T..T......T.....T......T.........T....TTTT...........T......T...TT......T..........T.......T..........T..
.T.T.T........TT....TT........T...............T........TTT..........T...TT.TTT..T.....TT......T...........TT...TT...T.........T......T.........T..............................TT........T.T..T...T...TT....T..T....T..T...T..TT...T...............T.T.....T....T...............T..........T..T..TT...T.T...T....T.....T.............
...T.....TT..T.T.TT.......TT..T.TT...TT.T.....T.T....T.T.T.T....T..T..........T.T....T..T...TT.......TT.....T.............T.T........T.TTT..T.........T......T.....TT.T.TT.TT..............TT..T......TT....T.....T...TTTT.T.....T.T..T..TTT...........TTT....T..TT..TT...T........T..TTT..................................TT.......
........T....T.......T.T....T..T................T.......T.......T.T.T......T..T..T.T..TT.TT......T..T...T...T....TT.T......T.....T.T..T....TT..........T.......TTT..............T.T....T....T....TT..T.T......T.T............T.......T......TTT..T.T..T..T.....T..T...T.T....T..T..T.T..T...........T.......TT...T..T...............
T......T..T......T.T..T.T..TT.TTT.TT...T.T....T..T................T...T.T..T.T.T...T...T..T.T...............T....T.T....T..T.T.....TT.TTT........T.T.T...T...............T.........T.T.T.....T...TTTT....T......T.T..T.T.T..T....T.T.....T......T....T..T...........T....T.T...TTTT.......T..............T....T................T..T.
T........TTT...T...........T.....T..TTT.T.T.T..T..........T.T.T...T..T....T......T..T.........TT.T..T............T.T...............T..T.......T..T...........T....T...TT.T.TT..........T.T...TTT....TT.....T......T.....TT..T........T....T....T....T...T........T............TTT........T.T......T.T..T....TT..T...TT...........T..
TT.....................T............T.T.......TT.......TTT....T....T...TT....T...T.T.....T..T...TT..T.....T..T............T...............T...............TT....T.......T.......T......TTT.......T...T....T.T....T.......T.T..........T...T...TT...TTT.............T.....TT.........TT.T.........T...T..........T..T..T...........T.
TT.T...T.T....TT..T..T........T..T.T...T.....TT..T.....T.........T.....T.....TTT..TT.....T............TT....T...T.TT..T...T...T.....T..T...T..T..TTTT...............T.T...T..T.......T.....T.......T.........................T...T.T.....T..TTT.....T....T.T..T..T....T..T.TT....T.T....TT.......T.T..TT....TT....T.....T.T.......T.
..........T..............T..T......T.......T....T.....T.T.TT.T.T......T....T..T.......TT........T..T.....T....T......T....T..T.T.....T...........T.............T....T....T......T.....TTT............TT.............TTT...T..T...T.T.T........T...T.T.....T..T...T..T......T...............T...T.T.......T.T...T..TT.T.....T.TT...T.
..TT...T.T...T....T....T..TT.TT........T....TT.....T..............T.............T...........T...T......T....T.......T.......T..TT........T..T.TT.......T.T...T.T.TTT..........T....T.........T............T..TT.........T....T..T...T......T..........TT..T.T....T........T....T.......T..T..........T.T........T..TT.T....TT...T...
TTT....T.............T.T......TT.T...T.T..TT............T....T....T..T.....T..........T.T.T...T.......T........TT.....TT.............T..TTT...T..T......TT........TT...T.TT........T...T...T......T......T...T..T.......T...T.....T....T...T..T.TT........T.....T....T..T...............T......T............T............T.....T...T
.T.T.....T.......TT......T.................T..................T...........T.......T..TT.TT..........T......T..T............T............T..T........T.........T....T..T..T.T.....T...T........T...........T...T.T.............T...TT....T.....T..T........T.T.T..TT.........T.T....T..T....T.T....TT....T..T......................T.
.....T.....TTT......T..T.....T......T.TT.....T.......T.T...T..T....T......T.T....T.....T.....TT.T.T............T...T..T....TTTT.T.....T...........TT.........T.T...........TT.............T.T..T..T.........T.T......T........T..........T.....T.TT.T..........T.TT...T....T.T..T.....TT...T...T.T.TT...........T...TT.......T.T...T
TT......TT..............T.TT..T.....T......T......T....T..........T.T.............T.T........T.T..........T.......T....................TT............TT.....T.....T..........T...........T....T.........T.....TT..T......T..T........T.TT..T.......T...T......TT...........T.........TT.....T.TT.TT....T.......T.......T.......T...T
....TT.T.............T...T........TTT..........T....T.......TT...TTT....TT.....TTT...T.T.....T.......T......T......TT.........T.......T.T.........TT.................T.T.......TT.T...............T...........T.T............T.T..TT.T.....TTTTT........T.T.......T....T..T.T.............T..T.....T....T....TT.T................TTT
.......T........T...T......T......T.TT.T..T....T.......T...T....T........T....T..T....TT........T..T......T..TT.T.........TTT.....T....TT...............T..T.....T..T..T..T......T..T.T......T............T................T......T...............TT.T..T........T.T.....T.......T..TT.......T......T..T..............T......T.T....
..T.......T...T.....T....T...TT..T.................T..TTT....T.TT.T..T....T.....T...T.T........T.......T..T.....T.......TT....................TTT..........T..T............T.......T...T.......T...T.....T.......................TT...T......T...T.....T..TT.T.T.T.TTTT...T.....TT...T...T....T....T.T..T...T..........T.........T..
TT....T.....T......T.......T.T...TT...TTT....T.T.....T.....T.T..........T.......T........T....T..........T..T.......T........T........................TTT..........T...T............TT...T....TT.T..T...T.T.....T..T.............T.......T..T.T...T.....................T..........TT.T....T.TTT...T...TT...T..TTT..T.T........T....
.......TT.T..T....T.T.........T....TT.T...T..........TT.......T....T.TT.....T..........T..........T....TTTT.........T........TT....T.......T....T...T......T.........TT.............T.T........T......T.T......T......T...T...T...T...T.T...TTT......T..T....T...T......T..T....T.....T.T......TT.....T...TT..TT......T......T...T..
............TT....T....T..............TT.T.....TT.....T..TT..T..T.....TT..T..TT....T....T.........T.T.TT.TTT.......T..T..T..T..TT.........T.....T.........T.T...........T.......T..T..T....TT...T....T.....T.T..TTT.TT..T.T.....T..........TT..T........T.........T..............T......T............T........T...T.....TT..........
T.T..............T.T.....T...T....T.T........TTT...TT.....TT.T.......T....T.....T...........T..T...TT......T...T.T....T.......T.....T..T...............T..........T..T..TTT....T............TT.....T.T.........TTT..T...............T........T..............T.T.T.....T....T.......................T.......TTT..T........T...T.T.T.T
.........TT................T.......T....T.T.T..T......TT...............T.T...T...............T.....T..................................TTTT..T..T..T..T.T..T....T...T.....T.T.T......T.......T......T....T............T..T...............TT...TT....T....T.T.................T....T.....T.........T...T.T.......TT.......T..T..T..T..
.T.T....T...T..............T.......T.T..........T..T...TT........T.....T........TT..T....TT..............................T.....TT..T....T..T............T..TTT..........TT...T...T.....T.T.....TT.TT...T....T...T.T...T......TT.T.T......T.T......T...........T.T...........TT...T...TT......................T...T......T..........T
.....T....T.........T...................T........T....TT....T..T............T..T...T..T........T.........T.T............T.TTT....T.TT.T..T..........T...........T.T.T.TT.TT..........T...T...TT...............T....T...TT......................T..........TT.....................TT..........T..............T.......T.........T.T.T.
T..T...T.TT.T...T............T.T....T......TT.T.T.........T.T.....TT..T.T.TT......T....TT....................T......T...........T......T.T......T.TTT..T......T........T.T.........T.TT........T.T...T.....T..TT...T...........TTT...T....T............T.TT........T.......TT.TT.T..T....T....TTT..........T.......T.T...T.........T
...T........T..T..T...TTT...............TTT.......T.T.TT........T.T...T...T.T....TTTT..TT.T.............T.......T.T....T.....T...T...T....T..T..TT..T...T.T..T.T....T.T.....TT.TT..T......................TTT...T......T............T.TTT.T.....T.T...T.T....T......T.TT.......T....T.T.....TT...T.T....T.....TT.T.T............T..T
T.TT...T...T....T.T....T..TTT...........T..........T......T.........T..T....T.T.T..........T...TT.TTTT.T...T...T....T...T......TT.....T.T..........T.T.......T...T..TT.......T.....................TT....T..................T.......T.T.......T......TT...................T....TT.T...T.T.T.............T....T....T...T.T...........
........T.T....T......T...T.......T...T.........................T.T....TTT...........T.T...T..................T...T...T........TTT..T............T.....T..T....................T............TT..TT.T......T...................TT..T........TT......TT.......T.........T.T....T.......TTTT....TTTTT...T.TT......T...T....T.T.........
..T..........T...T......TT...T...T.TT.T.......T...................T...T..T.T......T...T..T........T..TT...............T...TT........T..T..T..TT.........T..................T.........TT.T....T...T..TT................T....T...TT............T.......T...T.T....T..TT....T........T.T....TT..T....T.TTT...........T........TT.......
...T.T....TT.T.....TT.........T.....T.......T.............T.....TT......T..T.T...T..........T....TTT..T...T.........TT.T.T....T.T........T........T.T........TT..T..TT..............T.TT..T..T.TT..........TT.........T.TT.......T.TT..TT....T.T..T.T.....T....T..T........................T...........T...........T.T........TT.T..
T..T......T...T...............T..TTTT..T...T...T..TTT.TT..T..TTTT.....T...T........T....TT...............T..T..TT.........TTTTT..........T......TT..T.TTT........T.T........T.TT.T.............T.....TT.T.T.T................T........T.TT..T....TT........T...T........................T............T....T....TT.........T.........
............T..T...TT.....T..TT...T.....TT.............T..TT..............T.TT................T...T.T.......T..............TT..........T..............TT.................T..........T........T..T.............TTTT...........T......T...T...T.T..T...T........T.......T...T...T.....T.........T.....T...T....TT...T.....T...........
......T......T...T.T.......T.......TT....T..TT.T......T.......T......TT.....T..T..T........T....TT..............T.........TT.TT.T..T....T.............T...TT..T.............T..TTTTT..TT..T........T.....T.........TT..T.....T......T....T.T......TT........T.TTT.....T.......T..................TT....T............T....TT......T..
.T...T..T...T..............T...TTTT...T........T.T.......T..T..T..T.....TT.T..T....T......................TT.......T.......T.T.T.....T..T.T....T.......T..TT........T...T.......T.TT...T...T........TTT..T.......T.....T....T.T.T.T.T.T.T..TT.T...T......TTTT.......T.T...T.TT...T....T.....T.......T..T.......T..T..TT......T......
T..T.........T............T.TTT...T...T.........T.....TT.TT.....T......T........T............T..TT.............T..TT....T........TTT.T.......T..........T...T..TT.....T.........T....TTTTT........T...T.T.............T..................T........T......T...TTT............T.......T.......T..T.T.TT.....T.T...........T...........
........TTTT...T...T...T......................T.TT..T..........T...........TT.T.T.T..T........T..T...T.........TTT.........T...T.....................T......T.......T.T.T..T........T.........T......T.T.TT..T......T.....T..T.T...T.......T...TTT...T..T.............T..T......T.TT...TT...T..T..T.TT.....T..T..T...T..............
...............................T...T.T.T..........TT.T............T..T..TT....TTT....T.T.T...T..T..T..T...T...........T...T......T..TT....T.T.T....T..T.............T...T......T..T..T..T.T...T..T.............T.T...T...T..T..T............TT............T....T.....T..T....T......T....T.............TTT....T.............T.......
.......T......T..TT...T.....TT.....TT....T........T.TT......T.T......T............T..............T.T.............T.............TT..T...............TT.T....T.T.T.....T....T....T..TT.T....T.TTT...................T...T..T.TTT.T.........T...........T.TTT...T..TT...T..T..T..T............TTT..T.T....TT........T.TTT..T.....T.T..T
...T..T.......TT...T.T.T....T.....TTT...T..T.....T..........T........T...T....T..................TT..T.T.....T......T..T.....T.......T................T........T.....T......TTT.TT...T.TT...........T.....T............................T......T....T..TTTT...T............T................T...TTTTT.....TT..........T..T.........T.
..T.T......T.....T..T...TT..............T.....T.............T............T.T..T..T....T.....T.........T........T...T.TT.T..T....T...T....T.....T......T........T.......T....T....T...T............................T.T..T...T.T.....T.T..........T........T.......TT.T..T.TTT.....T.TT.........TT.T.T..T......T..TT....T......T....T.
..TTT.T..T....T.T...T.........T......T............T..T.........T.TT.TT..TTT.TT..T..T....T.T....T..T...T.....T.............TT....T....TT.....TT.T.T.T..T.....TT....TT.....T...TT..T..T.....T..TT...TT......T..T....T.T.T........TT.....T............T..T.....T..........T............T..T..T......T..T.T....T..T...........T....T....
.T.........T.......T.........T.......T.........T..TT..T.......T........T..T....T.T.T......T..T..T.....T...T..TT...T...........T..T...........T..............T.T...TT.T.T.............T.........T.....T...T...........T.......T...TT.T.....T........TT...........T..TTT...T........T....T..............T.......T.T.T......T..........
..TT.......T..T.......T.....T....T......T.......TT...TT......T...TTT..T..T.T......T...T...T......T..T......T...T.................T....T..T.T....T.....T.T...T.......T....TT..T.....T..T..T.......T.............T........T..T...T....T....T...T...T....T..T.T..T.T......T............TT.....T...T.......T.T.................T....TT..
.........TT.....T....T...............TT...T............T..T.T......T......T.T...T.....TT..........T...T.T....T........T....TT.T.....T..T......T..TT..T................T....T.T.T.........TTT..TT...T..TT.T............TT....T...........T.....TT..............T..........T..........T..................T..T.T...................T.TT
T.....T.....T....T.....T..T...T......T...................................TT...................T..............T............TT....T..T...T...T...........T............T.....................T.........T....T........T..T..TT..TTT........T......T..........T....T.......T......T....T...T.....T...........T..T...................T....
.TT....T.....T.TTTT...........T....T..TT...T.........T.......T......T.TT......T...T..TT.T........T............T.....T...T.T.....T.....T..T..................T...T.TT.T.T.....T.................T.T..T......T.T..T.........T.......TTT.TT...T..T..T...TT........T..........T.......T..TT.TT.......T...T...T.T....................T.TT
........T........T....................T..........T...T....T...T..T...TT......T...T..........T.TTTT.........T....T.....T............TTTT...T.T...T..T......T.T.T................T.............T...T......T..T.........T.T...T...T..T..TT..T...T..T...T..T..T..T........T...........TT.T.TT..T.T..T.......TT..T.T..T..T..TT.T.....T...
.T............TT.T...T...T........T...T....T..T.....T.TT..........T.......T..........T...T....T..T......TT.........T...T..............T........T......................................TT.......T.....T.......T...T.T..T...T.T....T...T.T......T....T..........T..T......TT..............TT..T.........T..............TTT.....TT.T...
........T........T..T.T..T.......T..T.........T..TTT..T....TT........T..TT.TT.T.....T.T...T..T...T...T.....T....T............T...TT..T.....T.........T.T..TT....................T....T......T..................T...T...T...T.........T....T...T.T..TT....T........T..TT.T....T.......T.T................T.....T..T..T........T......
.TT............T.....T.................TT......T................T.....T....T..........T..T..TTT..T......T....TT....T...T.T.....TTT.T..........T.TT.T.......................T..T..T......T.T.TT........T....T.T...............T.....T..TT...T.....T...T...T...T.T.......T.T...T.....T.TT.TTT.T.T....T...TT.T........T...TT.....T.....
.T...T..TT.....T........TT...T..TT.T.........T............T..T...T....T.............TT.T...T..........TT.......T.T............TT.T...T.T.T.....T...T.................T......T.T..T..T.......T....TT...T.T.T....TT............TT..............TT...........T..T..T.T...T....T.......T.......T.T......TT...T...T..........T.TTT..T..T.
.T.........T..T.....T.T.......T...............T.TT.T...T...T.T.TT..TT...T...T.....TT.T....T...TT..T..........TT.....T....T.......TT............T...T.................T...TT....T....TTTTT...T.........T......T.......TT.T.....T.T..T.....TTT.........T......T..T....T.T.......TT....T.T..T......TTT.TT.T.T..T....T.T...TTT...T..T.TT
.T.T.......................T...T....T.TTTTT...TTT........TT.T...T..T........T........................TT.....T...T....T...T.T.....TTTT..TT........T.....T....T..T...TT..T...........T.............T.....T......T.........T.T.TT..T.T.....T.TT.........T..........TT...................T.T..T.......T.T...T..T.....T....T...T.TT...T..
T..T............T....T.........T.T.............T..............T...T.........T......T.........T...T...T...T.T..........T...T.T..TT.T.....T...T.T.....T...T...TT.....T...T...TT.....T.............................T.T..............T........T..T........T......T.....T...T.T...T...T......TT.....T...T..T.........T.TT.......T.....TTT
........T.T...TT..TT.T..T......T.T..T..T..T...T.T..T...T.TT...T..T...T..TT.......TT.T....T........TT..............T..TT.........T..............T...TT..T......T..T.....T.....TT.T.T.T.......TT....T..T..T...........T...T..T..TT..T........TT..T..T.TT.........TT.T.....TT......T................TT.......T...TT.T...T.T...TTTT.T...
................TT....T...T.T..TT...T...T......T........TT...T...T.T.T........T..TTT.T.TT.T......TT....T....T.T.........T....T..T.......T.........T.......T...T....T..T.T...........T.......T.....T..T.............................T...T...TT...T..T....T...TT.T.....TT..T...T..........................T.....T.....TT..........T...
T.......T.......T.....T...............T.......T.....T..T..T.....T.......T...T........T..................T....TT......T....TT.T.T................TT...................TTT.......T..T.....T...T...........T..T.TT............T...T..T.........TT....T..T....T..T.........T............TT.........................T.T.....T...T........
.............T.......TT.T.T...T.T............T..................T......T..T....T...T.....T....T.....T.T.........T........T..T..T......T..T.......TT.......T.T.T..T........T.....T..T..T..T.T..........T.........T........T...........T.....T......TTT.T...T.T............T...T.T....T.......T...........T.........T.T...T...........
T..TT....T......T...............T......T.TT.T.T.T.....T.....T..T..TT......TTT......T..TT..T...T.TTT...TT.T.....T.T.TT........T.T..T......T.....T................T......TTT..T...T..........TTT..TT........T.......T...T...T...............T.T....T..TT..........TT..T...T........T.............T..T...........T...T...T......T......
.....T......T............T......TT...T......TT......TT....T.........TT....T.............T.........T.....TTT.T...T...T...T.........TTT.T....TT..T.T.TT....T....T...................T.....T....T.................T.....TTT..............T............TT.T...T......T.T.....TTT.....T.....T.T.....................T...T.......T.T....T.
.........T...T........T......TT......T......TT.....T..T........T..T..T...TT...T.....T..................T..T.T.T....T......T....T......TTT..........T...T.......T.T..T.....T.T.........T.T...........T..T....T..T..........T..T.T..............T......T........TT.....T....T...T.....TT.T.....TTT..T.......T......T.T.TT....T.TT.....
......TT.....TT.T..........TT.T.........TT.......TT.....TT..T.TT.......T.........TT....T.......T..T......T...T..T.....T..T..T.T.....TT...............T...T.T............T.T.......T...............T.......T.........TT........T................T....T...............T......T.............T.T.....T....T.T..T.......T.........T......
........................TTT.............T..........T.........T....T....T...T.......T.T...TTT...TTT...........T.T........TT..T..T......T.T..TT........T..........T.T..T..........T.......T..T..T.......T.....TT....T........T.TT........T..........T..T...........TTT.....T.T...TT.......T.....T.T..TT..TTT.T......T...T.T..T.....T..
.....T........T..T.T...T.....T..T.....T.......T.........T...T..........T..........TTT.T.........T...........T.T...T...T.T.............T.T....T...T.T..T....T........TT....T............T.......T..........T.TT.....T..TTT..T.T.....T.T.....T..T..............T.....T.......T.TT......T..TT.....TT.T....T..T.T..T.T....T.T.........T.
T.....T....T......T....TTT...T..T.......T......T...T....T.....T....T......TT.T.............T.....TT.T......T....T.TT...T.T......T.....T.T....T.TT.....T....TTT.T..T.....T..TT.........TT..T....TT.T......T.....T.....T.TTTT..T....T......T...........T....T....T.T...T....T....T.......T........TT....TT.T.....TT.T.................
TT..TT.....T......T..T.....TT...TT.........T.....T.T..T.....T...T..........T.......TT................T..TTT.T....T.......TT.....T........T......TT...........T.T......T.T..........T...TTT..........TT.T....T..T.......T......T.....T..T..T..T.T........T.........T.T...........T.....TT...T...T......T.TT..TTT...TT....T...........
T.T.T.........T.T...T.....T.........T..T.TT.............T..TT...TT..................T.T.T......................TT.T................T..T....................TT..........T.T.T...........TT..........T.T.......T...T..........TT....TT.T......TTTT..T.T..T.T........T..........T.........T..T.T.............TT.............TT..TTTT...
..T..T......T............T.T..T....T............T.TT....T.....T.T....TT.....T....T....T..T.....T.......TT..T.....T............TTTT.......T.T.TT...T.....T....TT....T..TT...............T....T......T..T...T..T.T...T..........T........T......T..T............TT...........T..........T.....T............TTTTTT.........T.....TT....
..T.TT...T.T.......TT...T....T......TT...T...T.....T..TT.T..T.......T.................TT..T....T..TT...T..TT........T....T..T....T.T...T..T...........T..TT.T....T.T...T..T.........T......T.....T............T..................TT.T........T.....T.T.....TTT...T.....TT..T...TT.......T...TTTT.T..T..........T....T....T......T...
.T...T.......T......T.....T.T..TT.T.................T..T...........T.....TTTT..........T.T.T...T..T.......T..T.T...T.T....T.TT..T.TT...T.................T.T..T......T........T..T.TTT....T.T..T....T..T.....T.......T.....T..T.....T...T.T.....T...TTT.......T.T..T....T..T.....T...T....T................TT...TT.....T..........T.
....T..T.....T....T...T.T..TT.............T....T..T........T.TT..T........T.T.....T..T...TT.TT.........T...T..T...T.T....TT.T.T.T......TT...............T.........T..........T.....T....T..........T....T.........T...TT.T...T....TT...T.T...T.T.......T.T..T.T..T.T.......TT....T...TT.T...T....T..T...T......T..T........T.......T
...T....T....T........T..........T...TT.T...T....T....T......T........TT.........T........T.........T....T........T..T...........T...T.TT...T.T..T....T.T.........T.T.T.....T.TT.T......T...TT........T...........T...T..T...T.T..T......T....TTT......T....T...T....T..........TT.T.T.T.T...........T.T............T..........T..T.
.......T....T.........T...T.....T.....T.....TT.....T.TT....T.....T.....T...TT...TT.............T........TT.T...T...T.T...T..T...T......T.T.T..........T..T..T...T....T........T...T.T.................T.T.T.T..T.T.T....T.T....TT.T..T...T.T..T....T.....T.TT......T............T..........TT..................T.T....T........TT...
T..T..........T........T.T...TT..T..T.....T...TT......................TTT..T..........T.T.....T..T.....TT..T.....T.........................T..T..T.........T......................TTT........T..T....TT.......T......T..TT.T.........T...T..T.....T.......T.T.........T.T.....T..T.....T.T.T.T...TT..TT.T.T...TTT..TT.T......T....TT
T.....T.T......T....T.......T.T..T..T....T.......T...TT....T..T...T.....T.TT....T...T.....TT......T.T..T.TT.T....T.T..T..................T....T.....T............T...T........T.....T...T.....T..T.T.TT...T......TTT.T..T..........T....T..T..T.....TT....TT....T..T.......T.....T.....TT..T.....T.TT.....T....TT...................
...T......T..........T...T.T.T....T.........T..T........TT..T..T.........T....T..T...T....T.......T......T....T....T........T.TT.......T......TT.........T...............TT.TT....T.T.T.....T.........T.......T.........T............T..........T.T.........T.T.....T.T............T..T.........TT..T...........T..T......T.....TTTT
...T...T.T............TTT........T.....T.........TTT...T......T....T..T..........T......T...T...TT..T..T..T.................T............T...TT......T......T.T.TT....T............T.T.T.T...TT.T.T.......T..T.TT.T........TT.........T.T.......T.........T.....T..........T.T.........T......T.TTT..TT......T..........T.T..TT...TT
........T...T....T..TT....TTT.T...T....T..............T.............T.............T.....TT......T..........TT.......T..T.T..TT.........T.T...T.T..........TT......T.TT.......T.....T.....T.TT....T.T.T...........T...T.T...............TTT.......T.T..TT...T..T.....T...TT....T...T...T.TTT.....T..............T................T...
.....T.T......TT...T.....T........T....T...T..TT................T..T.....T.T....................T..T.......T....T...T........T....T......T...............TTT.......T.......T...T.........T.T....T.T.....T............T.T...T....TTT.....................TT...................T...........T...T..T....T....T...........TT...T.T......
T.....T..........T..T......T.T.....T.......T..............T.T.......T...T...T....T....T.T.....TT..T.T................TT........T..T...T..TTT.T.T........T....T...T.......T....T...........TT.T....T..T..T........T.T..TTTT....T........TTT.T..T.T..T.....TTT.T.T.........T......TT.T.........T...T.T..T..T.T...T.T.....T.TT.T.T.....
...T.T..................TT......T.................T.......T..T....T.....T......T.......T..............TTT...TT.......TTT.....T...T........T.....T....TT...T.....TT...T..T.....T.......T.....TTT.T..T...........TTT....T....TT.T....T........T...T.T...................T.T..T...T.T..TT.T.T....T...TT..T...T.......T.TT.......TTT....
T...TTTT.T.T..TT....TT..............T..TT...T.......T.T.T...............T.T....T..TT........T....T.T..TTT.T.....T.TT.........T...T....T...T..................T..T..T...TT.......T.......T....T.T......T...........................T...TT....T..T......T.T..TT......T.......T.TTT..TT..T...........T.T..T.TT.T...T.TT.T.......T...TT.
..T..T..T.T....T............T.T...T..............T.T..............TTT.....T.........T......................TT.TT.T.......TT......TT.T....TTT....T.....T..T...T....T....T.T.......T.....................T..TT.............TT....T..T.T.........TTT....T....T...T....T.......TTT.....TT.....T...TTTTT...............T.................
T......TT......................T........TT..........T.......T.....T.....T...T........T...T.T.T....T.............T.TT.........T......T.T...T.T.................T.TT......TT.T...T...............T..TT.TT.T.T..................TT..TT.T......T.........TT......TTTT...TTT.T.......T.T..T...T.T.TTT...TT...T..T.........T.......TT.T...
..T.T.....T...............T.T.......T...............T......T.T....T..........T.....T....TT.T.........T..T....T....T...........TTT.....................TT...T...TT....T.........T.T....TT.T.TT.T..T..........T..T.......T.......TT..T..TT..T.....T.T...T.TT...T.T..T...T................T.................T...T.T.........T......T...
........T.....T......T...T...TTT.TT.......TT..T....TT.......T......T..T.....TT.T......T.....T.....TT........T.T.....T.T...T..T...T..T......................T...T...TT.T.........T..T..T........T.T..T....T............T...TT...T.........T..........TT...T..T..T.T....T........T...T...TT........T.....T.T.TT...TT..T......T....T..T
.............T.T.......T...T.TT..T.....T.T..T.........T...T........T..T.....T..T..T....T........................T.................T...T.T.....T.T...T...T............TT..T............T....................TT..T.......T....T...............T.T.TT..TT...T........T..T.....T......T...........T.T..T...........T...TTT...TT....T.T..
......TT...T............T..T...T...T..T..T....T.T......TTT..................T...T...T......T..T...T.....TT...T...T....T......T..T....T.....T.T........T...T...T..T......T...T....T..T.........T.......................................T.........T..................T.T.TTT.....T..T....T.T........T..T......TTTT..T..T...T.T..T.....
.....T......T........T..T..T......................T.T...T......TT....T.T.........T....T.....T.....T...TT.........T..T.T......T....T.........TT....TT....T.....T..........TT.........T.T...T..........T........T....T....T........T......TT.......T.....T......T.T.T......TT.T..TT....TT.T....T......TT......T..T..................T.
T.T......T.T....T...................TT.....T.............................T.....T..TT......T.T..T.T....TT....T...T...TT.T..T...T..T....T...TT......T..TT.......T....T.T..T...T.....T.......T...T.......T.TT...T....T...T...T......TTTT..T...T..T..TT..T.T....T.......T...........T......T.T..T....T......T.........T........T......T.
.....TT......TT.......T....T.T....T.T...T....T............T.T...T....T...............T.TTTTT..T........T.....T.......T..T....T.....T........T....TT...T....T..T.T.T..TT..T.......T...T............T.......T......T...T......T.T..................T....TT..T.T.....T....T.T............T.......TT..T........TT.....T..TT.............
...........TT.................T...T......TT.T...T....T.........T......T..T...T.T.T...T....T....T...T..T.....T...T..............T.....T...T.T....TT...T....T......T.T..TT............T.....TT...T..........T.T.......T........................T..T...T..T.T........T...T.....T....T.......T.......T...T.........T....................
..T......T..TTT.....T........T...T....T..T..T.........T....T.T......T.................T..........T.........T....T...T...................T..T.T............TT..T.T...T....T...T...T..T........TT....TT........TTT...T.......TT...TT......TT...T..T.T.......T.T..TT........T..........T.T....T.T.......T...T........T.T....TTTT.......
T....T.......TT........T..T....T....TTTT.......T....T..T.T..T.TT.............T...T.T.T..T..T....T.....T.....T.T.......T.....T..T....T...TT.........T......T..T....T....T.....T...TT.T..........T.....T.T..T....T...................T......T..T....T..T..T........T..T....T.T.T....T...........TT.........TT..............T.TT...T...
T....................T....T..T................T....T..TT..T......T...T.......TT......T......TT........TT..............T....T..T...T.T...T...............T.....TT.........T.T.TT...T.T..T...T......T..........T........T......TT..T..TTT....T.T.......T..TT..T.......T.T...............TT.....T....T.....TT...........T.T.T...T......
T.......T...........................T..TTT..T............T...TT...T.......T.T...T.....TT..............T.TT...T.....T..T...T............T.......T.T.T.....T..T..TT....T.T........T........T..T......TTT....T.T...T..T......T...T.TT.....T......T.....T.....T.....T......T........T............T...T............TT.......T..........T.
T.TTT..........T....................T...................T.TTTTT.......TT...TT.........T.TT...T........T.....T............T........TT................T......T.TT.T.............T..........TT.......TTT....T...T.TT...T.....T.T.T...TT....T.....T...............TTT...TT......TT.TTT...........T..T.T...T.T........T..........T....TT.
......T.....TT.....T.........T..................TT..T..............T.T..........T............TT......T...T.T...T....T....TT........T.T....T....T......T...T..TTT.....TT......T......TT.T.....T..................T....T...TTT..TTT.T.....TT.......TT..........T......T...T.T....TT....TT..TT.T...T....T.........T.....TT..T...T......
.TT....T.T...TT...............T..........T.....T....TT..T...T.T..................TTT...................T...T.TT..TT.....T..T.T..............T....................T......T....T........T...TTT.......T..T..TT........T..T....T....TT.TT.T....T.............T.T...T..T.T.T.T...T..T.....T....T.T......T...T......T..............T....T
.T.........T....T.T....TT.....T....T...T......T..T....T.....T.............T.......T..........TT..T.......T....T.....T....T...T...T....T.......T.TT..............T........T.......T.....T...T.T...............T........T.............T.T..T......T........T.......T......T............T....T.TT.T....T........T.T...T...T..........T.
.T...T.T..T.....T..............T..........TTT.........TTT...T..TT........T....T.T......TT.T.TTT...T..........T.T..........T..T..T....T.................TT.......TT..........T....................T.T.T..T.T.........T...T.TT.......T.T..TT...TT..T.TTT.T........TT.............T...T.T...T......TT..T.T.......T....T...T...T..TT.T..
..T......T...T....TT.TT.T.....T....T.T..T...T........T.....TT.....TT..T....T......T..T........T.....T..T.T.TT..............T.......TT........T..........T.............TT.T....T.T..TT....TT..T..T..T....TT........T...T.TT...T..T.T.....T....TT.........T............TT..........T......T........T...TT...T..T..T.T.T...T.....T.....
.TT.............T.TT........T.....TT...T.........T....T........T........T.T......T...TT....T..T..T.T...T.....T.........T...........T....T......T......T.......TT................T.TT...T....T............T.T.T...........T......T..TT...T.......T...T.........TT...........TT...T.T.......T......T.......T........................T.
....T..T....T....T.T.TTT....T....T.......................T.....T.........TT.........T...T....T..T...T.......T......T.TT......T......TT.......TT.TT...TT....TT...............T......TTT...T...T.TT.........T.T.........T...T......T..........TT..T.T..TTT.T.....TT....T.T...T...T.....T..T.TT....T...............T............T......
......T..T...........TTT.......TT....T....T.........T.....T.......T........T.....T..T.......T...T.............T.................T...T.TT...T..TTT......T.T......T..TT.T.T....T......T.........T.........T......T...T....T.........TT....T.....TT..T......T.......T..T..T......T...............T...TT..TT............................
.....T.T..T....T.T..T......TT.TT......T....T.TT.....T..T........T...T.T...T........T...........T...T.......T.T......T...........TT..T....T..........T....T....T...............TT...TT...T.T..T......T.T.......T......T.......T............T......T.T...T.T.............T...T.TT.T............T..T.T.TT.........T.T..TT.........TT...
.T..T..........T..T......T........................T...T............T.T...TT.......TTT..T.TT....T....T.T..T..TT...........T............T....T..T.T............T....T.T.........T.T.T...TT.T....................T.T....T..T.....T.......T...T.....T.........T..T.T...T...........T..........T..T.....T...T....T....TT.........T.......
.......T.TT..T...T....TT.........TTT....T..T.TT.TT..T..T.T...T.....T..........T.......T.......T........T.T........T.......T.T..TTTT.T...T.....T.T...T.TTT....T.......T..T......T...T....T...........T......T.TT...T.....T.T..T..........T..T................T...TT............T..T........T....T.............T....T......T.T........
T..TT.....T....T.........T.T..T...T.T..................T.....T............T.T.....T..TT..T.....T.T....T.T....T....T.......T..........T.TT....T.T.T..T................T.T...T..T.......T.T..T..........T........T...T.......T.........T.T..T...........................TT..T...T..T......T.T...........TT......T..T...TTT.T...T......
