300 300
84 53 58 65 58 59 61 61 61 52 63 55 62 59 53 63 47 75 44 86 37 83 44 72 52 57 65 47 66 57 57 60 59 52 61 61 60 56 55 60 56 63 60 64 59 62 50 72 40 94 97 37 71 51 65 51 69 57 56 65 56 61 59 60 59 61 55 65 48 78 38 68 57 69 52 68 45 75 51 66 61 57 56 60 61 60 62 53 59 58 59 56 63 49 59 62 50 73 44 90 98 42 71 48 65 60 51 59 66 53 67 54 59 56 61 58 65 64 47 83 28 77 49 61 51 66 58 63 52 66 58 59 61 58 59 65 44 75 45 76 49 57 69 48 60 61 52 71 40 95 92 43 72 49 58 63 55 62 61 54 67 58 56 62 52 63 46 78 40 85 32 74 53 68 55 66 51 72 44 66 53 65 55 65 52 68 47 68 51 68 50 65 56 60 59 61 60 68 35 98 99 35 71 54 65 58 64 54 65 57 56 53 66 55 63 53 54 67 50 77 37 84 40 74 50 58 60 55 57 51 69 51 60 57 64 50 65 61 49 83 39 70 55 61 62 65 57 67 42 91 96 39 72 48 66 61 60 54 69 58 60 56 58 57 63 55 63 60 44 85 34 81 45 67 60 56 64 55 55 65 54 61 58 59 58 62 55 66 55 59 59 58 58 64 53 68 46 72 42 87
101 32 71 54 59 67 54 64 53 54 66 57 58 61 52 67 53 65 50 72 39 73 52 64 59 54 65 57 57 62 56 64 52 80 44 69 50 66 54 72 49 63 60 58 59 59 58 61 54 80 105 27 78 46 68 57 60 55 63 58 62 50 62 58 51 68 52 68 46 81 37 66 60 56 55 64 54 70 54 60 56 57 59 58 64 63 55 59 53 70 48 62 63 58 62 61 55 69 46 91 100 34 80 42 75 48 65 62 58 62 57 53 71 55 59 55 64 58 52 67 46 66 60 59 55 61 57 60 59 60 52 70 46 58 65 58 65 54 54 68 53 65 62 56 60 52 63 64 43 93 94 41 76 48 74 50 68 50 59 66 49 62 59 57 56 66 52 65 54 73 44 73 45 69 49 69 46 72 55 60 63 48 71 52 63 60 55 70 43 78 43 75 51 63 54 64 54 64 41 88 98 38 69 49 62 61 58 54 72 51 63 59 58 62 52 60 55 64 50 72 48 60 57 65 57 59 57 57 62 54 68 47 68 56 64 61 58 55 64 65 54 58 56 66 56 67 52 71 39 93 84 48 72 49 70 51 53 67 50 65 52 63 61 60 54 61 52 72 42 82 39 76 49 70 51 70 51 63 59 63 56 61 63 55 60 55 59 53 63 62 46 73 51 70 49 66 51 73 42 93
.......T..T........T.....T....T...T.T.T.....T.T.T......T..T....T...T......T.T...T...T..T..T........TT.....T.......T.T...T.T....T...T..T.T........T..T..T...T.......TT...T.T...TTT.....T...T.T..T..TT...............T.....T...T.T....T...T...T....T...T.....T....T..T.T....TT...T.T.......T....T.T......T....
T.T...T.T..T..T.T....T..T.T....T....T..T.TT.....T.T..T.T.....T........T.....TT.T..T......T.TTT.T..T....T..T..T.T..T..T...T....T..T........T........T.....T....T.T.....................T..T.TT.......T..TT..T..TT..TT..T....T..T.T.....T...T..T..T.T....TT...TT..T.......T...T...T..T........T......TT......T
...T..T.....T...T.T....T.....TT...T....T..T.TT......T....T.......T.TT....T......T..T..T........T....T..TT..TT.T....T.......T...T..T....T.T....T...T.T.T.T.......T......T....T.T.T..T...T......T.T.....T..T..T..........T..T...T..T.......T....T.......T.....T.....T......T...T..TT....T.T..T...T.T....T.....
..T...T...T...TT.TT..T.........T..T....................T..T...T.......T..T.....T...............T................T...............T...TT..T.T.T......T....T...T...T...T....T.T.T........T..........T......T...T..T.....T..T...T.....TT.T......T..T.....TTT.TT....T.T..T.TT....T.....TT......T.......T.......T.
T.T..T..TT.TT.......T..T.T...........T.........T..T..T...T.T......T..T.T.....T..T..TT.T...T...T...........T..T.....TT..TT...T....TTT.........T..TT.....T....T.T...TT...T.T....T..T.T...TT.T.T..T...TT..T...T...TT...T.T........T.........T......T..T........T.....T......T............T......T.T.......T.TT.
.T........T..................T.T......T.T.TT..T...TT.......T.TT.T..TT..T....T..T.....T..T..T........TT.T...T...T..T..TT..................T.....T.....T...........T..TT.......T......T......TTTT......T......T.......T.T..T.T....T.....T...T.....T.T..T.......T.......T..T..T.T.T.T...T...T...T....T..T.....T
T..T..T..T..T...T....TT.......TT...T............T....T...T.....T.T...T....T..........T....T...T..TT.T.........T..T.....T...TT...T...T.....T..T....T.T..T.......T......T........T..T...T....T...........T...........T........TTT.T...............T...T....T.......T.T.....T.T..........T....TT.T.T.T.T..T....
....T..T.........TT......T........TT...T.T....TT.T............T......T...T.....T.TT........TTT........T...T.T...T.T......T.......T...T.TT...T..T......TT...TT.....T.T...T..T......TT.....T.T.TT..TTT....T.T.TT...T......T...........T..T.TT.T.T..T..T......T..T.....TT........T...T....T.T..............T...
......T......T.......T..T..T...............TT.......TT.T..T.....T.........T.T...T.....T.......T...T..........T....T....T......T.T........T.....TTT.T....T.....T......T......T..T.....T...T.....T....T.T...T.........TT.T....T.T.T...T.T...T....T.T..........T..T..T.....T.T....T.T.........TT.......T...T...
.TT.............TT...T.......T.TT......T.........TT.....T..T.T.....T....T.T..........T.T........T.T..T..T.....T....T..T...T..........T......T........TT......T.T.....T...T.T.......T...T..........................T.......................T.T...........T..T.T.T..............T.........T....T..T.T......TT.
T....TTT.T..T..T..T.T..T.........T...T..T....TT..........TT...T..........T.T.T..T...T.....T..T..........T....T..TT........TT...T..T...T........T.T........T.T.T.T...T.....T..T........T....T....T..T....T......T............TT.T...T.T...T...........TT............T..T........T..T...T..T..T.T....T....T.TT
.....T..T..T..............T....T...T...T.T.......TT..T.T.....T.T..T.T..........T.T.......T.....TT...T.....T.......T......T.........T...T.T....T...T...TT.T.....T.....T...........T.....T....T.T...TTT....T...T..TT...T..T..T....T.......T..T.T.T.TT.....T.....T..T..........T.......T.....T.....T....T...T..
.T................T......T......T..T......T.....T.......T.....T.T...T..TT.....T.T....TT....T...T..........T........T.T......T.T...T....T...........T.T......T....T......T....TT....T.....T..T...T.....TT...T......T....T.......T..T.TT........TT.T.......T...T.......TT.T..T.T.T..T..T....T......T....T.....
.T...T..T.T...T.T.T..TTT...TTTT.T...T......T....T.T...........TT...T.T...T........T................T..T......T.T.T.T..T...T......T.T...T....T..T.T.....T.T...T..........T...........T.T...T...T..T......T...T.T.T...T.T.T...T.........T...T........T.T..T..T..T..T.TT..T...T....T..T.....TT.......T...TT..T.
...TT....T....T....T.....T......T....T.T.T..T..T.....TT....TT......T..T....T.T..T.T...T......T.T..T...T.T.T....T..T....T...TTTT..........T...T...........T......T..T.T.T........TT..............T.T..T...T...T....T..............T...T....T..T..T.T....T.......T.................T...T.......T.....T...T....
....T....T.T...T...T..T..............T....T........T.T.................T....T.T......T....T.....T...T.T.......T.T.T...T....T...T.........T.TT.......T...........T........T...T..T...T...T..T.T.....T..T......T...T.T....TT......T.....T..T..T..........T......T.......T.T.....TT.......T...........T.....T..
..TT.....................T..T.T...T....T.T.....T..T....T.......TTT...TT.T.....T...T...T........T...T............TT..TT..........T..T.T...........T....T....T..T.....T.....T................T..T..........T..TT.....T........T..........T.T.....T.T..T...T..T.TT...T.T.T.............T.......T..T...T..TT..T.
T.....TT....T.T.T...............T.........T.............T..T.......T.T.T.............T.T...T.T..TT..T..T..T....T.T......T...T.......T.T.T.T....T..T......T....T...T.T.T...T....TTT.....T.T...T.T..T...T.T.......................TT.T....T.T.......T........T..............TT..........T..T..T...T...T.......
........T..T.....T.T..T.....T.T..T.......T...T...T.T.......TT..T...........T.....T............T....T...T..T...T.T.......T......T..........T..T.....T....T........T......T..T...T..T..T.T...T...T....T..TTT...T.......T..T.T.........TT.T.T....T....T..TT...TT....T.T..T....T...TTT......T.T.....TT...T..T.T.
T....T.........T......T.T...T........T.......T.T...T..T.T.......T...T..T.....T.....T......T...T............T..............T...T.TT..TT.....T.T.T..T..........T...................T..T.T..T..T......T..T......TT.T...T..T...TT..T........TT...T...TT.....T..............T....TT.....T..T..T.........T...T.T..
.T...T...T.TT.T.T.T......T..T.T....T.....TT....TTT.....T.....T.....T.T..T.T...T.....T.T.T...T......T.T..T.........T....T........T......TT.....T.....T.T.TT....T....T..T...T...............T...T..T...T.........T.TTT..T..T......TT..T..........T...T.T.........T..........TT.T.T....T.T.......T.T..T........
...T......T...T.......T...T....T...................T....T.....T.T.T......T.T.T...T...T..........TT..T..T.T.T..T..T..T......T...T.TT...T...T.....T..T...T..T.T..........T..T.T..T.........T...............TT.....T....T....T..T...TT..T....T..........T.T..........T....T...............TT.T.T........T.T....
.T..TTT....T.......T........T.T..T.TT.....T.T.....T.......T....T.....T..T...T.T...T....T..T....T......T.........T.TT.T..T.T...........T...T...T...T..T..T....TTT.TT..T..T.....T.T......T...........T.TT....T.........T.T......T....T...T.......T..........T.T.T....T..T.T........T...........T....T.......TT
..T....T.........T.T..T....T.T..T...T..T...T.T.....T.TT.T..TT.....T.T......T....T...T.T..T..T...T...T....TT...TT....T....T....T.T..T...T....T.........T..TTT...T...T..T...T.T..T.TT.T..........TT.T...........TT....T...T.T....T..T..T.T..T..T......T.T..........TT...T..T.T.T.T.........T..T...T..T........
.T....T....TT......T...T.T....T......T...T......T.........T..TT..T...............T........T.T......T.T.....T....TT......T.T..T...T.......TT..........T......T........TT.T............T...TTT..TT....TT..T...T...T........T.T...TT.......T..T....T.........T...TTT....TTT..T......T..T.TTT.T...T...T...TT....
..T.........TT..T....T....T.T.....T...T...T.T..T..T...T.T.......T...T....T......T.......T..T.T....T.T.T...........TT....TT.T....T.T.............TT......T......T....T..T..T.T.........T....T..........T..T.....T.....T.............T...T....TTT..TT..T..T...T.....T........T....T.TT.......T.T....T....TT..T
.T...T..T..T...T......T.T.....T....TT.........T.TTTT...T.TT....T.T....T...T..T...TT...T........T...T...........T....T...............T.TT......T.T.T...T..T.T....T............T..T.T.........T..T..................T......T....T.......T..TT........T....T....T..T......T..T.....T....T.T........T..T........
.....T.T......T.T........T.T.........T.T.......T...T........T........T..T..T..T.....T...T.TT...........TTT....T......TT........T.T.......T...........T..TT...T..T..T..T..........T....T.T.........TT..T..TT...T..TT.T...........TT..........T...TT.......TT...T...T..T....................T.........T....T..
...T.TT....T.T.....T..TTT...T.........T.T.T.T........T..TT...T..T.....T....T...T...T............T...........T....T.......T.T..........TT.T.T.....T...T......T.............T..........T......T....T.....T.....T...........T..T.....TT......T............TT.....T.........T...T.T..T.T.......T.............T..
TT.T.T..TT.T..........T.....TT...TT........T...TT..........T.....T.T......T...T........T............T.........T.T.T..T.T..T......TT...T......T...T......T...T........T...TT...T...T.TT.........T...T...T...T...TT..T...T.......T..T..T....T...T..T..T.T.T.T..T..TT..T.T.TT......T...........T.....TT.....T..
.......T........T.........T........TT....T..T........T........T......T.T.T..T...........T....T.....T.TTT.........T.T..T...T....T......T....T.....T.T.TT..T.....T..TT..T.T.TT.TT.......T..TTT.T...TT.T...T...........T.....T.T...T......T......T.T.TT.......TT...............T.T.....T.T.T..T..T...T..T......
....T........T....T.T.T......T.......T...T...T.T.TT........T...T........T.....T..TT........T...T....T.....T......T.T........T...T.T.......T.T.T.........T.T....T....T......T.....T.T..........................T.......T.T..T...........T...T.T.T..T..T....T..T.........T.T..T..T.....T..............T.T.....
T.........T.....T.....TTT..T....T..T..TT..........T...TT..T.T.T..T.....T...T...T..T.TT.T....T...T..T.....T..T...T.T...T............T.......T..........T.....T...T....T................T..TT.T........T...T......T.T....T...T.......T..T.............T.T.T..T.T...T.TT.T...T..T..T.T.....TT...T..T...T......T
........TT.T.T...........T........T..T...T.T.T..........T.......T.T..T..........T........T.......T..T..TTT............T..T.T...T....T..T....T.T.....T..T.....T......T.....T.T........T.......T.T..T..TT.TT...T..T....T.....T...T.........T..T..T.........T....T....T...T......T......T.T.......T...T...T.T.T
T.....T............T......TT....TT.T..T...T..T....T...T.........T..T.....T...............T.T...T...T......T....TT....................T...T.......T....T.T....T........T..T...T..T..TT...T.T..T..T..T..T...........T...T.T..T......T..T.T..T...........T......T...........T...T.T..T.........T.T...T..T..T...
..........T...........T..T..T..T.......T..T....T...T...T...T.T....T.....T.T.T...T.....T......T...T.....T.T..T..T.T...T.TT.....T..T......TT..T.T...................T.......T............T.......T....T...TT...T......T..........T....T..T...T....T.TT..T..TT....TT.....T..TT...............T.......T...T.....
..T..T.T...TT.T.T...T.......T.........T................T...T.T...T...T....T...T.T..TT.......T......T.T...T.T.T.........T..TT..T.T...T..........T.....T.....T..T....T.....T...T...T...............T........T.....T...T.T..TT....T.......T.T..T.............T...T....T........TT..T.T..TT.T......T....T...T..T
........T............T...........T......T.....T....T.....T..T.T..T.T...T...........T.T........T...T..T......T.T.....T.....T...TT...T.......T..T...T...T..T..T....T..T..T....T...T...T.....T.....TT...T............T..T.T.T.T....T.................T.T...T.......T......T..T...T....T.....T.T....T........T..
.T..T.....TT.T.T...T...T.T.....T...T...T.....T.T.TT...........TT....T...T....T.........T.TT....T....T....T...T.TTTT.......T.....T...TT.......T.....TT.....T....T...TT.T.........T.T..T..T...T........TT.T.......T.....T.....T.TT....T.T....T.TTT.....T..T.....T..T..........TT....T..T......T...T.......T...
T.....T....TT.......T...T............T....TT...T.TT...T...T......T...T...T...T..T.......T........T......T.T.......T............T.....T..T.T.T...................T....T..T..TT..T.T.....T..T..T......T.......T......T...T........T........TT.....T....T...TTT.........TT...T...........T.T.......TT..........
T....T..T...T..T...T.T......T.T.........................T..T......T..T..T.T...T.......T....T.........T.....T..T.....T.T...TT.T...T....T..T.T....T......TT....T....T.T.......TT.TT...TT.........T.T..T.....T..T..T.T.T....T...T......T...............T.T......T........T.T......TT...........TT..T...TT...T..
...........T.....T..T...T.T.....T..........T...TT..T.T.......T......TT......T.....T.TT.T..T.T.T..T.T..T....T.........T.....T..T.......TT....T.T.....T.....T...T....TT.......T..........T...T.......T.T..T.T.T.....T..T.....T..T..T..T..T.T......TT........T..T.....T.................T..T...T.T........T...T
.T..T.T......T............T...T...T.T.T.T.....T...T..T...T..T...TTT......T...T.TT.T..T...T...T..T...T......T.....T.T.T...T...T..T...T....T.T.T.T.TT..TT....T..T.........T.T....T..T..T.T...T.T..T..T...T.........T....T..T.....T.....T..T...TT......T....T.T.....T.......T....T.T..T......T.............T...
..T.T.......T....T.T...T......T........T..TT.....T.T..T........TT.....T....T................T...T..TT...TT...T.......T...T.......T.T.........T..T..............T..T...........T.T...............T........T..T..T.....T.TT.T..T.....T..T.T..T..T....TT.T.....TT......T...TT...T...T..T......T...TT..T.T....T.
.T...T.TTT...T.....T..T..T.....T.T..T...............T.T..T.......T........T.........TT.....T..T....T.T.T.....T...TT....T....T........T.........TT.T...T..T..T..T......T..T...T..........TT.....T....T.....T...T...........T.T.T.T....TT...T..T...................T...T........T....T....T.....T........T..T.
T.............T....T.T....T.T...T..T..T..T...T..T..T..............T.T........T.T.....TT.T..............TT...T...........T.T.T..T....T.T.TT...........T...T...T.T.T...T...T..T.T..T..TT...T....T.........TT.T.....T.TT.T...T..T.....T...TT.T..T...T.........TT.T....T..T....T.T.T....T..T.T..........T....T..
.T...T.T..TT..T.......T.TT....T..T.TT.T.T.T......TT.....TT........T..TT.....T...T.......T.T.........T.............T....T.........T.....T.T............T...T..T........T........T..T...............TT.......................T...T...TTT..........TT......T...T.TT..T.T..T..T.....T..TTT..T..T....T.TT..T....T
....T.........T.T.....T......T...............TT.T...T.....T.T...T..T.....T.T..T.TT...T.T...TT.T.....TT.T.T.T.....T.T..T......T..T.........T..T...T......T.....T....TT.....T.T.......TT..T.T.....T.....T.T...T.T..T..T...T.....T.T..T..........T....T..T....T...T.....T...T....T..T.....T....T...TT......TT.T
..............T.T....TT...T..T....T....T.T.......TT.T...T.T....T.....T.TT....T.........T.....T....T...T....TT.........T......TT....T..T..T.....T..T..T....T..........TT............T.......TT..T....T......T.T.T...............T..........T............TT.......T...T...T..T.T...TT.T...T.TT....T..T....T...
T...TT.T.T...T.....T......T...T.......T...T...T....T....T...TT....T.......T........T..T...T...T....T...T......T..T.T....T...T..............TT....T.....T...TT..T.T.T...T.T.T....T.T...T.T.T.......TT...T......T....T.T.T.T...T...T.T.T....T.T..T.T...T.....T.T.T.T...T.............T..T...T....T....T.......
...T...T............T.......TT.T..T.....T.T.T...T..T....T.....T........T.T.TT.T..T....T...T..T..T.T..T.T............T......T.T.T.....T....T..T..T...T...T......T.T.....T.....T....TT...T.T...T.TT.T......TT..T.T.T.T....T...T...T.T...T.........T.....T.T........T.T.............T.T.........T.....T......T.
T....T....T.T..T.....................T...T....TT.T...TT....T.T....TTT...T...T.....T...........TT.T.TT....T.T..........T.........T.T...TT......T........T....T...T........T..T...T......TT........T....T.T.......T.T....T...T...........T.T....T....T......T...T...T.T.T...T..T.....TT...T.T...T........T...T
..T..TT.......TT..TT..T.TT.T..T.......T..T.T..................T.T........T...T..T....TT.T........T....TT..T...T..T.....TT...T...............TT.T.....TT...T.T.T...T.TT......T.T..T.....T.T...TT..T..T....T..T.......T..T..T...TT..T.......TTT.....TT......TT..T.......T..T....T..T....T..T....T..T.T...T...T
T..T..T.T...T...T......T.......TT...T......T........T..TT............T......T.TT....T..T..T...T.....T..T....T.TT.......TT......TT.T......T.T........T....T.....T....TT.....T.......TT..TT..........T.T.TT.......T....T...T.T....T..T..TT.....TTT.....T.....T....T..T..T....T..TT..........T....T............
T...T.....T.....T....T..T........T.....T...TT...T....T...T.T.....T..T...TT...T....T..T...T......T.T..T....T.T.....T..T.....TT....TT...........T......T..T..T.....T.......T..T........T..T.T......T..T.T.....T.T...T...T...T...T.......T.T......TT.....T.T....T.......T....T..T..T....T..T...........T.....T.
.T......T.........T.T.......TT.T....T..............T..........T..T.T...T.TT...........T...T.........TT....T...T.T........T.....T......T.T....T.T.T..T.....T..T.........T.....T..T.........TT..T...T....T....T................T....TT.....T.T....T..T....T...T.....TT.........................TT.T........T..
...T......TT...T.........T.....TTT......T...T..TT....T....T.........T.........TT...T.......T...T.T................TT...T..T......TT.T.T..T......T......T.T..T.....T...T..T..T...T.T.T..........T................T.T...T...T.T........TT.T............T.T...T..T.....T....T......T...T.....T.T..T.TT...TT.T..
...............TT..T.....TT.T......T.....T.........T..TT.....T...T.....T...T....T..T.T.T.T.....T.......T...T...T....T...T.................T......T..TTT.T.T....T..T...............TT.T..T...T.T.T.T.T..T.......T.......T.....T.....................T....T...T.......T..T....T..T...T.T.T..T.................
.....T.T...T.......TT..T..T..T..T.......T..T.T...T...T..T.T....T........T...T.......T...T..T.T..T.....T.T...T.T....T....T..T...T...T....T....T....TT........T......T...TT.....T.....T.T..T...T...T...T...T.T........T.T..T......T.....T...T...T.TT......T....T...TT.....T...TT.T...T.T.TT...T.....T..TT.....
TTT.T.T.....T.....T....T.......T.T..T.T...T...T....T.TT....T....TT...T...T.T......T...T.T.T.T......TT.T......T..T.....T..T.T....T...TT....T.....TT..T........T...TT.......T....TT.....T....T.T.T.T.........T......T....T..........T..T.T.T....T...TT......T.....T..T.........T..T.T...T..TT..T...T.T..T..TTT
...T.T.T....T.T......T.............T........TT...T......T....T....T...T....T...TT..T.T.......T.TT........TT...T...T.T.T.T.T.T.T..........T.........T...T......T.T...T...T.......TT..T.....T.T......T..T..T.....T...T.........T..T.T.......TT..TTT....TT....T...T....T.T...TT.......T.....T...T.....T........
....T...T..T...T..T.T.T.T....T..........T.............T.T....T.T...T...T.T..T.............T.......T.T.........T...TT.TT.....T..T..T.......T...T.........T...T.T..........T..TTT.T..T.......T..T.........T......TT.......T......T......T.....T............T..T.T.T......TT......TT..T.T.........T....T.T....T
.T.TTT.T......T........T.T...T...T....T..TT.....T..T............T...T...T.T......T..T..T.....T....T......TT.T....T.........TT..........T...TT...T...T..T...........T................T...T......T.T...T.T...........TT...T..TT...T...TT............T...T......TTTT........T...T..........T..T....T.T.........
...........T..T.TT.T.T.T.T........T....T......T...T.......T....TT....T.T.TT.T..T.......T..T...TT.....T.T....TT.....T....TT........T.T................TT.........T.T..T.T..T........T......T.....T.T....T.......T......T.......T.T.T......T..T.......T...T....T...T....T.T.....T..........T...T.T.........T..
......TT...T.T......T.....T..T.T...T.T..T........T...T.....T.T..............T.............TT..........T..............T....T.T....T.....T...TT....T.T....T..T..T.....T.T.......T..T...T....T..T.......T...T..T....T.................T...T..T.T..T..T........T..T..T.......T..T...TT..T.......T.T.......T..T..
TT...T....T.T.......T.T..T......T......T...TTT...TT..T..TT.....TT.T........T.T...T...T...........T..T..T....T..T.....T...T.T...T...T.............T.......TT.T.T....T........T..T...T...T.....T....T.....T...T.....T.......T.T..T...........T........T........T..........T.....T.......T.........TT..TT..TTT.
.T..T..........T..T.....T....T.........T...T..TT......T...T...T.....T..T..T.T...T......T..T.......T.......T....TT.T.............TT......T..T...T.....TT..T............T..T........TT...T.T..T.T.T.T..T.......TT...T..T..T.T.......T.TT..T.....T.........TT.TT....T....T..............T.T..T..........T....T.
.T...T.TT...T......T.T...........T...............T..T......TT....T......................T..T..T...T...T....T.....T..T..........T....T..T....TT..TT........T.T..T.T.....T...T...T...........T...T...T...T.T.T....T....T..T......T.....TTT.T.....T..T...T.........T..T.T.T...........T.T........TT.....T.....T
....T...............TT......T.T......TT......T.....T..TT...........T..T....T..T..TT..........T...T.T............T....T..T..T......TT.TT....T..T...TT......T.T...T..TT.....T.T.......T.T...T.T..TT............T.......T....T..T.........T.....T.T.....TTT...T..T.....T.....T..TT....T..T..T......T.T.....T...
.....T...T.....T..T.T.T.T....T..T..T...T..T............TT..T......T.T...T......T.T..TT..T..T......T......T...T...T..T...T.T.....T.......T............T..T....T..........T.T...T..T.....T.T.T...........T...T..........T....T......T.T....T...T....T......TTT.......T.T..T.T.T......T...T...T........T...TT.T
.....T.T..........T....T.T....T..T..T.........T..T..T.T.T.....T...T....T..........TT.....T......TT.T.T.T......TT......T.T..T.T...T...T...T..T..TT.....T....T..TT.....T..T........T.T....T.T......T..T...T...T.T..T......T......TT....T....T.T.T...T......T......T......T...T.T......TT...T..T.T....T.TT....T
TT........T.T..............TT...T....T......TT...TT.........T....T...T...TT.T........T.....TT............T..T...T.......T.......T.T.T.T....T......T....T.....T..T..T.....TT...T.......TT.....T.T..T...T...T.TT....T......T........T..T...T.TTT.....T.T......T..T..............T..T..T........T.........T....
..TT.T.......T...T..T.....T..T....T...TT..T..T.....T.T..T.T.....T.......T.....T.T......TTT.....T....T.TT..T.T......T.T.....T..T.....T......T.T..T...T..T.TTT..........TT.......T.T...........T...T....T....T.T.T....T.......T.T...T.....T.T................T.T.....T.T.T..T.T.TT...........T..TT..T.........
T........T.........T..TT...T.....T...T..........T..........T..........T.....T.....T.............T....TT..............TT...T......T....T.T...................T....T....T.....T.........T.T.......T.....T..T..T.....T...T.T....T.....T.........T..T.T..TT..........T...T........T....T.T..T...T......T.......T
...T...T...T.T...........T....T.T.......T.T.....T.T...T...T....T.T.......T.T.....T.T...T.....TT....TT.....T..T.T.T.T...T.T.....T.......T........T..T..T......TT....T.....TT.............T...T.T...T.T..TT.T..T.....TT....T....T.T...TT.....T.....T......T...TT........T.T.T.T.....TT.....T......T.T...TT.T..
....T...TT..T...T.........T......T.T...T.T..T...TT.T...T..T.......T.T......T.T......T...T..T...T........T.T.....T.T.....T.T.......T.T...T..T.....T..TT.....T.....T..T.....T.........T......T..T...T.........T...T....T.TT.T..T.T.T....T.....T..TT.T.........T..T..T...T.TT.....T....T....T..T.....T.....T..T
..T.........TT..T..T.T........T.....T.....TT.......T.T...T.T...T..TT..........TT..T..T..........T......................T....T...T.....T.....T.........T...........T.....T..T.T...T...............T..............T...T...........T........T.T........T.T..T...T..T..T..T.T..T.....T.T.T.T....T..T.....T...T..
....T..T.T....T...T...T.T...T..T....T..TT.....T...T..T...T.T.T........TTT..T..T....T...T...T.T....T..T.T..T.T..T................TT..........T.TT..T......TT.T...T...T........T..T.....T.T......T...T........T.T........T..T..........T.....T...TT.T..T..T.T..TT..T.......T......T.........T........T....T..T
.T.TTT....T....T.T......T..T..T.T...........T..T....T..T......T..T.T.....T......T.......T.......T...T...T...T...TT..TT....T..T...TT.T..T..T.T.T...T.T.TT......T..T......T.....T.T.T.......T..T......T.TT..T....T...T......T...........T.......TT...T..T..T..T.....T.T.............T..T...T....TT.....T..TT..
...T.........TT.....T.T............T.....TT..T...T....T.......T......T............T......T.T.........T...T...T.T.......T....T.....T..T..T.........TTT......T.T.T.........T.........T...T...T..T......T..T.............T...T.T....T...TT..T......T......T....T.T.T.T..T....T...T.....T..TT.......T...T......T
.......T.T........T........T....TT.......TT.T..T.....T.T.....T........T...T..TT.........T...T.T..TT.T.T.T........T...T.....T.T.....T...........T......TT............T....TT...T.T......T......T...T...T....T....T......T.......TT.T.....T.T...TT......T....T...........T...T....T.........T....T.TT..TT.....
T..T......T....T...T.T.T.....T...T..T.T.......T...T..T.....T..T...T..T.TT..TT.T......T..T............T.T....T.T...TT..T.T.....TT.T.T.T..T.T...T......T..T........T.T.T..TT.T.............T..T..T........TT...T....T..TT..T.T...T...T.T.............TT....TT...T..T........T..T..T...T........T.........T..T.
...T....T..TT..........T.T..T.T........T....T.T..T....T..T..........T.....T....T...T....T......TT.....T.T.....TT.............T.T......T..T....T............T.T....T.T.T...T..T...T.T..T.......T...T.T....T.T.T.....T........T..T..T......T...T..T.T..T.......T..T..TT..........T......T..........T..........
.T.........T...T...T.T.............T...TT.........T.......T.T...T.....T.............T....T.T...T...T.................T...T........T.............T...TT..T..T....TT............T...T........T.T.T........T.....T.T......T.T.T..T.T......T.....T........T.T.T...T...T..T...T.....T...T...T.T.....T.TT....T.TT.
T.T..T..T..T.T..T.T........T....T.T.T....T.......T.T....T......T.T..T....T.T.T.T..T....T....T....T..T....TT..T...T.T...............T...T.T...T..T.T...T...T.T.T......T..T..........T.T...T.......T..T.......TT.........T..T......T...T.T....T.T....T.T.....T...........T...T.T........T.T...T.......T.......
...T...T...T....T..T......T.....T.........TT.T....T.T....T..T.......T..T......T...T....TT..T...T.T......T..T.....T.T....TT..T...........T....T..........TT...T..............TT...TT...T.....T.....T....T.T....TT..........T...T.T.....T..T.....T....T.T...T...............T...T...............T..T....T.....
..T.........T....T......T.......T.T.T.T...............TT..T...TTT...T..............T.T....T......T..T.T..T..T.............T..T..TTT...T..T....T.....T.T..........T.TT....T.T....T.......T...T.......T....TT.....T...T...T...T........T.T.T......T.T..T...T.T...T...T.T.T........T..T....T.T.....T.T......T.T
.T.....T...........TT........TT................T..T......T.T......T....T.T....T..T..........T.......T........TT......T.T.....T........T..........T....T...T...T.T...T.T...T.T.....TT..T.......T..T...T.TT....T....T.T....T......T.T.....T...T..T.T............T....T.......T.....T..T.........T.T..TT....T..
....T...T.TT....T....T.T..T....T....TT.T.T...T.....T....T.T.............T..................T..T........T..T......T..T................T.T....TT...TT.T........T..T............T.....T...T.T..........TT.T....T...T....T...T....T..T....T..............T..T..T......T.T.T.....T...T.T....T.T...T............T.
.T....T.....TT.......T...T.T.................T......T.....T..T.T...T.T....T..T......T.TT..T.T.....TT...T.T.......T..T.T.......T.........T.TT....T.....T.......T......T........T..T.T...T......T...T..............T...T............T.....T.T.TT........T......T.....TT...T.T.T....T..T....T.......T...T..T...
.T....T.......T.........T......T.T...T.T....T..T....T.T.T.....T.....T......T...TT..............T..T...T.....TT.....T.T.T...T.....T....TT........T..T...T..T......T.T.TT.TT..T......TT....T...T..T...T....T..T.T...TT.......T..........T.T.......T...T..T....T...T.............T.T....T....T....T.T.T...T....
.TT....T..T.T..T.T.......T...T.T................T.T..T...T.....T...T.T....T..T.........T...T......T..T....T..................T....T............T....T...T...T.T..........T...T...TT..T.T..........T.............T.....T.TT.T......T..T..T..T.T...T..TT...TT..T.......T..TT...T...T..T.T......T........T.....
...TT..........T..T..T.T..T......T..T..TT.....T....T......TTT...........TT.TT.......T...T...T.........T...T......T......TT......TT.....T...........T...T..TT....................T.......TT.....T.........T....T..........TT....TT......T...............T...........T......T.......T..T...............T..T..T
..TT.T..T...................T.T..T.......TT....TT...T...............T......T......T......T..T.T........T....T....T..........T.T..T...T..T...T........TT........T....TT...TT.........T..T...T.T......T..TTT..T....T....T..T....T.T.T........T...T.T....T.T.T..TT.T........T.....T..........T..TT.T...T.......
TT..T.......T.T.T....TT...T..T.......T........T.T..T...T...T..T...T..T.....TT....T.T...T...........T.T...TT..T......T..TTT...............T.T..T.........T.TT..T.T..T.....T.....T.T....T.T.....T.....TT....T...T....T.T.....T............T...T.....T......TT.T..T..T.T.TT...T........T...T...T.T..T......T...
....T.T....T....TTT........T..T...T........T....T.......T.T..............T.........T.....T.....T........T...T......T......T....T.............T..T..T....T...........T....TT.T...........T......T.T....T.T..TT..T..T.T.T....T..T.T...............T..T...TT........T......T..T.T.T.T....T.........T.....T.T.T.
...T.T....T.............T......TT.....T........T....T......T.T..T...TT.........................T..T...T..T.T...T.T..T........T..T..T....TT...T.......T..TTT.....T...............T.TT........T...T................T............T...TTTT...T...T....T......T............T..T..T..T.T.T...T...T.....T.T...T....
T...T...T.....T.T...T...T........T........T.......T.T.T.T..T..T.T.....T..T.T..T...T..T...T.T.T....T..T....T.......T....T.T....T...T.TT...TT..T..T.........T.......T.T.T.....T..............T.T......T......T..T...T.T.TT.T.T.............T.....T.....T.............T.TT.T..T.T.........T......T...T......T..
T...........T......T......TT..TTT...T...T...T.T.....T..T.........T.T.....TTT.T..T.TTT.TT....T..T..T.T.....T....T....TT..T......T.T......T.TT....TT.TT......T.T..T.........T......T....T.T...T..T....T...T.T.T...T.....T..T.TT...T.T....TT..T....T...T.T..T...TT...T......T.......T......TT...T..........T.T.
...T.T..TT.....T...T..T.T.T.T........T...T.T.T...T.T....T...T.....T...T..........T........T..T..T......T.T...T..T......T.T...TT......T.........T.T.....TT........T.T.T.T......T.T...TT..T...........T..T...T..T.........T...T....T.T........T......T......T...T.........T.T....T.....T........TT.T.T..T....T
.T.....T..T....T.T.....T......T.T.T......T....T....T.T.T........T.......T..T..T..T...T.T......T........T..T..T...T.T..T.....TT.......T....T.T.T.T.T......T...T..T...T....T...T...T.T.....T...T....T......T.T.T...T.T.T....T..T.......T.T...T....T.T.T.T.T....TT.T..T.T..T.....T....T........TT.T......T...T.
T...T....T.T.......T.......T.......T.T.T....T....TT.....TT..T...TT.....T.........T....T....T....TT.T...T...T..T...T.....T.......T.....T..T......T...T.TTT.T......T..TT.TT.....T...T....TT.....TT...T.T.....T..T..T.....T.......TT...T.T...T.T.......T.TT.......T.T..........T...T.TT...TTT......TTT.T..T.T..
T..TT.........T...T.T.T.T.T.TT.T........T.T.........T.....TT..T....T.T...T.....T....T....T..........T..T.....T...T...T......TT..T.T.T...T......T...T......................T..........T.......T..T.....T..T......T..........T..........T..T....T..T.....T..T.............T....T.T.......T...T....T....TT...T.
TT...T.....T...TT..................T.T............TT..T..........T..T........T....T........TTT.....T.......T...T..T.T..T.T......T...T......T.........TT..TTT.T.T..T...T......TT..T.T......T.......T....T.....T....T...TT..T..T....T.T..T..T.T.....T.....T...T....T....T.....T...T....T..T...T.T...T.......T.
.....T..TT..T.......TT..TT..TTT.T...T...T....T..T....T....T...T......T...T..T...T...T....T.....TT..........T.......T............T......T....TT...T...T.T...T.......T......T..T..T.T....T.T....TT.T..T......T.....TTT......T....T..T......T.T...T.T...TT.T..T.T..T.T.T......T......T......T.T.........T......
...T..TT.....T...T..........T.....T...T..T.T..TT..T...TT.T......T.....TT.....T........T...T......T...T..........T...TT..T..T....T..T....T..T....T............T..T................T.TTT.....T.T.......T..T.T.T.T......T...TT.T...........T.T...T...T.T................T.T......T..................T......TT..
T..T....T.....TT..T...T..............T.......T..T..TT.....T........T.........T...T...T....T...T..T..T..T......T..T.......T...T..............T..TT...TT....T......T..T......T....T..T.................T......T.......T.TT......T......T...T......T....T....T..T.....TT...T..T..T......T..TT....TT...T.......T
.....TT.T...T..T.T..T..T......T.T.......TT...........T....TT.......T...T.....T.T...T........TT..........TT...T.T..T..TT..........T..T....T.T..T..T......T.TT..T...T...T...TT........TT..T..........T...T.TT....T..T...T.............T...T...T..........TTT.T.T...T.....TT....................T..T.T.T.T...T.
.T...T.................T.T...............TTT.T....T.T...T.....T.TT....T..T...T........T.T........TT.......T.....T.......T..T.....T.....T....T..T......T......T......T........T.T...T.....T..T....T..........T.TT..........T....T...........T....TT.T.........TT....T.........T...T.T.....TT.....T......T...T
..T.....T....T....T...TT...T....T.T.T...T..T................T..T....T.............TT........T...T..T.....TT.T......T.........T....T.....T.T.......T....T.....TT...T.T..T...T..T..T.T...TT.T....TT.....T..T..........T.T..T......T.....T...T..T......T..T...T....T.........T...T..T..T..T.........T..T.......
T........T..T.T...TT..........T...T.T....T...T...T.........T.T...T......T......T....T......T.........TT.................T...T...T..T.......T.....T..T..........T..........T....................T.......T.T...T.TT...T.T.T...TT...T..T..........T....................T......TT..T......T...........T......T..
..TT...T..T..T..T.........T.T..T...T............T..TTT.T..T...T........T.TTTT...T.T..T.T.T...T....TT.T..T....T..T...T.T.....T.T.....T..T......T.T.....T...T...T...........T.T..T.........TT.T.....T.T..T......................T...TT.T.T....T.....T...T..T.....T.T.....T.T....T.TT..T..T...T.T...T...T..T...
.....T..........T...T...T.........T.T.T.....T....TT.....T...T...T...T........T..T.....T....T..T..T..T....TT..TT..T........T.....T.T...T.....T..T..T.T..T...T....T..TT..T....TTT.......T.....T..T..............TT.........T.T...TT..T.......T.......T........T..TT...T..........T.....T....T..T.T..TT.......T
.....TT..T....T.T...TT....T....T...T...T....TT.T...T......T.T.T....T.T........T..T..T.....T........T...T..........T...TTT.TT..T..T..T..T....T.T....T...T......T..T...............T..TT...T......TT.......T......T.TT...T...T.......TT...TT...T.TTT...T........T.T......TT......T.T..TT......T....T..TT..T...
.T..........T....TTT..T..........TT.......T.....T...T.T.........T.........T.T...T.......TT..T..T..........T......T.........T.......T.T.T...T.........T....T.....T................T...TTT..T..T...T........T....T........T..........T...............T..T.T...T............T..T...........TTT...T...T.......T.
......TT....T.......T.T..T..T.......T..TT..T.......T...TT...............T.........T..T...T...TT.T.....T..T.T........TT...T.TTT..................T.T.....T..TT.T..T..T...T...T..TT...................T..T.T....T.....T.....T...T........T...T..T.....T.....T.....T.T.T...T..T.................T.....T...T..T.
TT......T.......T..........T.T...T...T.T....T.T..........T....T....T........T......T..T....TT....T..T.......T..T................T..T.......T..........T..T.T.T..T...T....T...T....TT........T........T..T..TT...TT.......T........T...........T.T......T....T........T...TT..T..T.T......TT..T.T..........T.
........T.....T..T......T..TT......T.............T.T.T....T.T...T...TT...T.T..T...T..............T.T..TTT..T...T...T.T.........T......T..T..T..T...T..........T.......T.T.TT..TT.........T.T..T.T.T...T.T..........T..T.T...T..T....T.T.T..T..T....T.T....T....T...T...T............TT...........T.T...T.T.T
TT..T..........T..T.............TTT..T...T...T..T.TT.......T.T.....TT.....T..T.T.T..T......TT..T....T......T.......T...T.TT...........T...T.T.....T..TT..T..T..T...T............T......T..T...T..T.T.....T..T....T..T....T..TT...T..T.T..T........T....T....T..TTT..T...TT..T..T..T..............T..T.......
.T....T..T..T.......T.T.....T......T....TT.T.............TT.....T........T......T....T...TT...T....T..T...T.T....T....T....T...T..T.T.T......T....T.....T.......T.T.T.T.....T.TT.TT.....TT.T.T....T...T.......T..T..............T.......T..............T............T...T.....T.T..T.T..T.T..........T....T.
T...T.....T..T.T........T....T....T...T...T......T.....T......T....................T.TTTT..TT.........T.....T.T...............T...T....T.T....T....T.....T.T........T.TT.TT..........T.........T..TT.T......T......T..T........T..........T...T.T...T..T....T.....T..........T.T...TT...T..TT.T.T.....T.....
........T..T....T....TT.T......T........T...T.T.............T.....T.T.....T..............T.T....T..T.T.TT.T....T....T...T............T..T.T.T.T...T.T..T.....T.T........T.........T.T.T....T...T...T......T..................T....T.T...T..T...T......TT...T.T...T.T..T..T......T.....T..T..TT..........T..T
....T.T.....TT...T...T.....T...........T..T........T.T.T..T..T...T...TT.......T.T..............T.....T........TT...T....T...T.T.T..................T..........T.TT........T.....T....T.T.....T..T.T.T...TT.....T.......T.T..TTT..T....T....T...T..T........T..........TT.......T.T...T......T...TT..T.T...T.
.T......T.................T....T.T..T......T.T....T....T.....T...........T.......T...T.......T.....T.TT....T....T.....T..T.T......T.T...T...T..........T............T....T...T.....T.....T....T........T......T...TT...T...T..T...T..T.....T.......T.....T...T...T......TT.T....T...T.....T...T...T........T
.....T...T.T....TT.....T.......T...T......T.....T..T...T......T....TT..T....T.T..........TT..TT.T.............T...T....T..T......T...T.T.TT...T..TT..T..T...T...T..T.T.T....T.T...T.T....T.TT...T...T..T.T......TTT...T................T..T...T.T.........T.......T...T...T.TT........T..T..T......T...T....
T.T...T...T.T...........TT.....TTT.....T...........TT...T.....T.TT.T.TT.T..TT.T.T.....T.........T.T..T.T..TT.......T.........T....T...T.....T..........T..TT.T....T.T....T........T..T.....................T............T.......T.T..T..T....T.T.......T......T.TT............T..T.T.......T.......T....T...
...T......T......T..TTT...........TT.T.T...T...T..T.T.......T.T..............T...T..T......T...T.T.T...TTT.....T.T....T...T...TTT..T.T...T............T.T...T..T..........T..T.T.....TT...T...T...T...TTT..............T.T..T......T............T...T.T..T..TT.T.....T...T..TT..T...T.T.T.....T..T...T......
..T...TT.....T.T.......T....T..T.T....T..T...T...T.....T..............TT.............T..T....T.......T.....T..T.T.T..TT.....T....T....T.T..T.T.T.......T.......T..T............T...........T.....T......T..TTT.TT..T......TT..T....TT..................T..T.......TT....T...T......T.T.T..T....T..T.T.T.T..T
......T..T.T.........T.T..T........T....T..............TT....T..........T.T...T......T....TT.....T.........T................T...T........T..TT......T.T...T........T............T.T.......T.T..T....T.T....T.............T..T....T........T......T.TT...T.T..........................T.......T..T...TT.T....
.T.....T....T.T.T.T....T..T.T.T......T...TT..T.T....T.....T......TT.T....T...T........T.T....T........T.T..........T......T.TT.........T....T............T.T....TT.T.T.T..T.T....TT.T..T......T.....T...T....T.T......T.T..T.........TT...T..TT....T....T.TT..TT..........T...T..T..T..T..T...........T....T
T...T.T..T.T........T......T...T..TT..........T.T.T.....T..T..T...T.T....TTT....T..T...T....T....T..T....T.T.T........T............T.T.........T..T.T...T.............T...T.T..T......T.T....T.TT......T...T...TT.TT....T..........T..TT.......TT...T........T......T.....TT..........T.T....TT...T........T
T....T......T...T...T......T.....T..T........T.T...T.T.................T....T..T.T..T..T.T.....T.....T.T..T.....T....T.....TT..T...T..T...T.....T....T..T.....T........TT.T.....T...TT..................T.....T..TT............T.T..........T....T.......T......T....TT.T.........T............T...T....T..T
..T..T.....T.....T....T..T....T......T.TT...T...T.......T.TT.T.T...T.T..T.......T.T.......T.....T...........T...T..T.....T......T...T....T....T..T.T......T.T......T...T.T.T..........T..TT........T.................T.....T.T..T.T...T..TT.T.....T.T....TT..........T.......T....T.T...TT.T.....T...T......
...T..T.T...T.T...TT......T.T...T............T.T..T........T..T...T...T..T.........TTT...T......T..T.T.T.....T.....T..T..T...TT..T.T..T..........T.......T................T....T.TT.....T..T...T..T.TT.T..T.T...T...T.T...T......T..........T........TT....T.T...T......T.....T..T........T....T...T.T..T..T
.T.......T....T.....T...T.T..T.....T.TT..TT.T......TT....T..TT..T..T..T.....T..T.....T...T..T..T.....TT.....T...T...T.............T...T..T.T..TT..T.T.T....T...T.T.T...T..T.T.T......T...T..T....T....T..TT.T.....TT...T....T........T..T.....T....T...T..T.........T.T..T...T.T..........T.T...............
.......T.T.T...T...T.................................T......T.....T.......TT.T..........T....T...T....T...T..T...T....................TT.............T.T....TT.TT...T......TT..T...T..T.......T...T..................T.....T.T..T..T.T...T....TT.T..TT...T.T.T..T....T....T.......T..TT.........T.....T.....
T.T....T..T..........T.T...T......T.T......T..T..TT...T.....T...T..T........T.T...............T.....T.................T....T....T.TT....T.T..T......T....T..T............T.....T..T..T........T.T.........T..T........T...............T...TT.........T......T.T.......T....T..T.......T..T.......T......T...
...T.......T...T......T.....T...T..T...T..T....T...T..T.T.........T..T...TT.......T.T...T......TT.T.....TT....TT...T.....T..T.T...T..T.T.T......T...........TT..T...T............T......T..............TTT....T.T..T.........T.T.T...TT...T.T..T.......TT..T.T.T..T....T............T..T...TT........T...T..
........T........T.T...TT............T.T..........T.TT.T.TT....................T.T.T.T..T...T.........T..........T...T.T.....T.....T..T.............T.T..T.........T..T...........T...TT...T....T.T......T..T..T.........TT...............TT...T..T......T......T..T....T.....TT..T.T...T.T.....T.T..T..T..T
..T.T........TT..T....T....T.T.T..T.....T.T....T.T..T........T..T.T.T...T....T......T.T..T....T..T.......T...T.T..T..TT.TTT..T.T......TTT..T...T..T....T.......TT............T...TT....T.....T.....TT.....T.....TT...T..TT.TT.T..T.....T.T.....T....T.....TT.T........T..T.T..T....T........................
T....T..TT.....T...T.........T..T.T...T..T...T............T.TTTT.......T..T..........T......T..T...T..........T.T.....T.............T..T.........T.....T..T.T........T...T.T..TT...T.......T.....T.....T..TT...T...T...........T..T........T......T.T..T......T..T.T..TT..T.T..........T..T...T..TT..T.T...T
.T.T...T......T...........T..T.T.....T...........TTT............T..T.T..T.T...........TT.T..T..T...TT...TT........TT.......T.....T......T...T.........T.T........T.TT.T...............T...T....T..TT.....T..TT.........T..TT.T...T.T..TT.T....T...T..T...T.T......T.........TT..T....T..T........T..T.....T.
T.T.........T......T.T..T......TT........T..T..T....T..TT..T.......T.........T.TT.T........TT....T...T....T..T........T.T.T.......T...T...T..TT..T..TT.T..TTT..T......T..TT......T......T..T...T....T.T...........T...T......T....T..............T.....T.....T.......T.T.T.T.T..T...T.T....T...T..T.....TT..
...T.....T......T.......T...TT....TT..T.T.......TT.....T.....T.T.............T......T..T.T.............T...TT.....T..........T......T..T...T....T.T...T..T..............T...T...T.....T..............T..T....T....T..T..T.....T...TT........T.T.T....TT......T.T............T.....T.T.........T.............
....TT.......TT...T.T....T......T...T.T....T.T.......T...T....T...T.....TT...T.....TTT...T.T....T..T.......T..T.....T......T.T..T.......T...T.T.................TT..T.T......T.T.......T....T....T...T.....T.....T.T...T.T....T.....T.....T.........TT.TT.....T.T...T........T.........T.......T......T..T.T
T..T......T..T....T..T.T.T.........T..T.....T.T.....T.....T..T...T.T.....T.......T...........T....T..T...T....TT...T.T.T..T...T..T..T.....T........T.T....T..T....T....TT..T....T.T....T..T.....T....T.T.........T...T..T..T...T....T.T.......T...T...T..T.....T..T..T..T.T...T..T....T..T.T...TT.T......T..
.TT..T...........T.T......T.T.......T..T.T...T........T.......T................T.....T..........T....T.TT...T......T.T..TT...T..T..T...T...T.T.T...T...T.T...T.....T.........T.T.TT....T...T..T.........T.T..TT....T.......TT...............T...T......T..T......T.T.....T..T......T.T.T....T.....TT......T.
.T..T...T..TT.TT....T.T......T.....T.T..........T..T.T..T.T.T.....T........TT.....T...T..........T..T....T...T...T.TT..T...............T..........T.T....T.T..T.T..TT...TT.........T.............TT......T....T...T......T....TT..T....T.T.....T....T.T...T..T.T.....T........T.TT.........TT..........T.T..
.......T........T.T..T.TT.T..T..T.T.T.....TTT..T.....T........TT.T.T..T...T..T.T...T..T....T......TT......T......................TT..T.TT.......T.T..T..T..............................T..T.......TT.T....T.....T........T..............T....T.....T.T.TT..T.T............T..T.T...T...T.......T...T.....TT.
...T...T.T.............T.........T....T.............T........T..T...TT...T....T..T..T..T....T.T...T..T.T.T.T...T.T....TT.T.T...T..T.T...T..T.T.............T..TTT......T.T.T.T...TT..T...T....T.T..T.T...TT.T........TT.....T.T..T.T.T....T..T..T...T.T.........T...T..TT........T.....T.T.....T.T....T...T.
T.TT......T.T......T...T......T.T.......T.TT....T..T...T.T.T..........T.............T..TT.T.T....T.......T...T..T..T...........T........T...T....T...T..T...T.T....T.T...T...T.T.T..T.T..T...T....T....TT...........T.T...T.T.T...TT...TT...T......T..T.T..T.T..T.....T.T......T...T...............T.T...T..
....T.TT.T....T.T..T....T..T.T...T...T........T...T..T..T.........TT.....T...T..T............TT.......T.TT.....TT.....TT..T.T.....T...T.....TT....T......TT..T.T.T....TT..T...T...............T...T..T....T.TTT.T.....TT.T...T......T..........T.T............T...T..T....T......T..T...T...T.T.T.........T.
T....T.....TT...T...T..............T....T.T............T......T..T.....T...TT..T...T.T......T.T....TT..T...........T..T.T......T...T...T..T...T.T.T.T...T.....T...T.T..T...T......T...T...........T.......T...T...T.........T..T.T....T......TT...T.T.....T..T.T..T.T........T.....T...T.TTT.T.....T.T.T..T.
...TT.......TT.....T..T.....T..T.T...T....TT.T.TTTT..T...T.....T..T...TT..T.....T...T...T.....T...T..T.T...T.T............T..T..T..................T...............T.T..T..........T.....T..T...T...TT...........T.......T.T...T.....T..T..TT........T..T...T.T..........T.TTT......T.T...............T.T..T
T............T.....T....T.T..........T....T...............T.T...........T........T.......T...T...T......T.T...T....TT.T.......T......T.T..T............TT.T......T........T..T.T..T.......T.T...T.....T....T.T..T.T..T.......T............T.....T.T.T.T.T......T.............................TT.T.....T.....
...T.T.........T....T..T......T..T.T.....T....TT..T.T..T...T.T.T....T....T....T.........T..T...T.........T......T.......T.......T...T.TT...T....TT..T....T....T.T....TT.............T...TT....T..T.T..T.TT.........T..T.......T.....TTT.T..T.....T.......TT..T..TT...T.......T.T.....T.....T.....TT..T......
T....T...T..TT..........T.T.....T....T.T....T.......TT............T.....T......T.T..T.T........TTT..T...T................T.T...TT.......T...T.TT.....TTT.................T.T...T....T.....T.T......T......T..T..TT.T.T.T.....T..T......T...T..T..T.T..T....T.T.T....T..T.TT.......T....T.T.........T......T.
.T......T.T.T.T..T..T.T..TT.T..T.......T..T.....T.T.......T....T.T..T.....TT...T.....T......................T.T.T..T..T............T.T..........T.......T.T.....TTT..T....T.....T.....T.T..T.T.....T..T...T.......T......TT....T.T....T...T............T...T.T...T..TT.T...T...T..T..T.T..T....T....T..T....
.TT............T.......T........T...T........T..T......T.T..TTT....T.T..T...T.T...T...T.T...T...T....T...TT.T.....T.T......T......T...T....T.T...T.T..T..T..T........T...T........T.T..T..T.T..TT.........T..T..T........T.TT......T....T..T.........TT.T.....T....TT..TTT.......T.T...T....T......T.T......
..T.TT...T...T..T...........TT.......T.TT...T......T......T...........T....T....T......T..T.T.......T.T.......T.T.....T.TT..TTT..TT.....T.T........T..TT..T..........T....T..T..T.....T..T...........T.T..TT............T....T...T.........TT.T..T...T......T.TT.T........TTT..........TT......T........TTT.
..........T..T...T.T..T.......T.T..TT..........T......T..............T.T..........TT.....T.....T...T.T.......T.T..T....TT.......T..T..T.T...T....T..T...T..T.T...........T......T...T.....T....T.TT...........T.T.T.......T.....T.T............TT.T.......T.................T...T..T.....T..T....T.T....T...
T...TT....T.......T..........T.......T.T.........TT.......TTT...T.....T.......T......T............T......TT.....T...T.......T.T.....T.....T...T.....T.....T...T.......T.T.T..T......T........T....TT..T....T.........TTT.....T..T...T.T......T...T...T.T.T...........TT.................TT...T......T.......
..T..TT...T.T.....T..T....T.........T.....T.T.....T..T......TT...T..T..T..T.....TT.T..TT...T.T.TT.......T......T.TT..T..............T.T........T..T.............T.T.T......T....T..T...T...T.........T..T..T....................T....T.T.T.T............T...TT......T.T..T...T..T....T........T...T....T...T
T..............T...T..T.......T.T.T..TTT.TT........T..T........................T....T...T...T........T.T....TT........T..TT..T.T.......TT...T...T..T...T....T.T..T...TT.....TT.....T.T.......T.T.T........T....T.TT.T..T......T..T..........T..TT..TT.........T...T...T...T...T..T....T.....T...T....T.....T
.....T...T...T.......TT..T.TT...T..TT..........T.TT...T.T...T.T........T.T..T.......T........T....TTT.........T........T.T.......T..T....T...TT.T.....T..T........T....T......T..T....T.......T....T..T.T..T....T...T........T....T.T....T.T.........T...T.............TT..........TT.TT......T..T......T...
.T.....T....TT..T.......T...T....................T...T.....T...T.TT..T........T...T.....T..T...T...T..TT.T...T....T...T...T.......T..T....T...T......T....T.......T......TT....T..T..T...TT...T.....T.............T......T.T....T....T......T......T......T.........T.......T.TT.........T.T.T.T..T.....T...
..TT.....T....T..T.T...........TT..T..T..T...T....T......T.........T..T.TTT..T.T.....T...TT.T.T.T......T...T..T.....T......T....T....T.....T.....T.T.....T..T.T..T..T...T....T.....TT......T...T..T.....T....TT....T....T...T......T..T..T...........TTT.T.T...T...T....T.T..........................T.T....
..T....T.T.....TTT..T...T..T...........T...T....T..T.T.....T.T..T..T....T.....T.TT.................T..T.TT...............T...T........T....T.T...T..T.T.........T..TTT..TT....T...T......T..T...T....T....T...T...T.T..........T.....T......T.TT.T..........T...T..T.....T.......T..T.T....T....TT.T.......T
...T...T..T...T......T....T...T.....T...TT..TT.T.............TT..T..T................TT.T..T........TT....T.T..TT....TT...T..T..T..T.....T.T.....T...T.T...T.T.T...........T....TT....T......T.T.T.T.TT....TT..T....T.....T...TT.T..T...T.......T..T......T....T.T...T.....T.T.T..T....T.....T....T.T....T..
..T..T..T.T....T....T............T....T...T.....T...T.T....T....T....T.T..TT..T....T...T.T.....TTT.T.T.T.........T..T...TT.T..T...T..T........T........T......T.........T...T.....T..T....TT.........TT.T.....T.T...T...T..T.........T..T.............T.T...T.....T..T......T...T..T.T.....T.TT......T.T....
.T.T..T............T...T..TT....T.T.............T.T.........T...........T....T..........TT...T...............T...T..........T......T..T.............T.T...T.....TT...TT..T......T.....T.T........T........T..............T.TT......T.T...T.T.TT........T.....T..T.T..........T............T........T.......T
.........T..T..T..T.T....T.........T....T..T.T.......TTT.......T...T........T...T.T.T......T..T..T.T.T..TT.....T.......T.T..........T.......TTT...T....T.....T......T......T..T.T....T..T..T....T.T..T...T....TT......T.....T....T....T.......T..T.T....T..T..T....T...T.T....T...T....T.....T.T.......T....
........T.T...........T.....T.T...........T...T....TT...T.T.....TT.....T.T.T.T.T.....T...T............T...T.T...T...TT...T.....T.....T.TT......T......T.T..TT......T....T...........T............T....T.T..T...T..TT...T...........T....T......T.T..T.......T..T...TT......T.T....T...T.T.T.....T...T....TT.
..T..T...............T..........T.T...T..TT....TT.T..........T...TT.T.....T..T....T....T..T.T....T....T.....T...T.........T.T.T.T..T......T..T.....T..........T....T..T.........T........T..T..T.....T....T.T.......T....T......T.....T..T.TT...........TTT.............T..T...T...T.......T...T.......T..T.
..........TT....TT.T.T.......T.T......T....T...............T.....T..T.T.......T...............T...T.T..T....TT.........T.....T....T....T....T.T.T.T...T.T..T...T....T.......T.T.....T.....T.T...........T.......TT....T......T.T....T......T........T......T.........T.TT.....T.T...............T..T.T....T.
TT......T...T..T..T.T....T.TT......T..TT....T...T...T.T...TT....T......TT........T..T.T..T.T.T........T.T..T....TT....T...T.....T.T...T......T.T...T.......T.T...T...T...TT..T.....T...T.....T.T.T....T.......T.......T....T.....TT..T...T...........T.T..TT..TT.T.T.....T..T..T.T........TTT.....T.........
.....TTT....T....T..........TT...TT........T.T.......T.............T.....T..T.........T...T.T...T.T.T..T.TT.....T...T....T.TT..T.T........T.........T.T..T.............T.T.T.....T...T..T..TT.......T..T......T...TT........T..........T.....TTT..T....T.........T...T......T.T.......T.T......T...TT...TT..
...T....T...T.......TT...T..T..T..T.T.....T....T....T........T.....T.....T......T..T.T..T........T.T.........T.......T..............TT......T...T.....T...T.T.T.....T.........T...........T..T...T.T..T......T......T...TT...TT.....T.....T..T..T.T...T.............T....T....TT.T..T....T........T..T...T.T
T.T.T......T....T....T................T..T.......T....TT......T.T...........T.T.....T........T.T..T.T.........T...TT....TT..TT........T......TT..T.T...........T..T..............TT.T.TTT...T.T...........T......T...TT..T...T........T....T....T.T.T....T..TT.T.....T..........T..T.T......T.T.T......T....
.T..T.............T.......T..T.T.T.....T...T...T......T...TT...T....T.T......T............T.............T...........T........T...T.....T.TT....T...T.TT..T.T....T...T..T...T...T.T..................T...T........T...T.........T...T...T...T.T.......T.T......T...TT....T..T...T......T........TT.........T.
T........T...T.T..TT....T.T.........T..T.TT.T.....T.......T......T..T....T..T..T...TT.T...T.......T...TT..T.T.T..T.........T.....T.TT.....T..T.....TT...T.....T...T.T....TTT.............T..TT...T.T..T...TT...TTT.....T..T...T.....T...TT.......T......T.TT..........T......T..T.........T...T...T..T......
....T.T..............T........T.T.............T.....T.T.....T.T....T..T..TT......T...T.....T...T...T....T.T....T..T.TT..T....T......T...T...T...T.....T.....................T...TTT..T...T....T.........T...T.....TT....T..T....T.T.T........T...........T.T.....T....T.T.........T.....T..T....T..T....T...
....T.......TT........T.T....T...T.T.......T.....TT.......T....T.....T........T........T......T.......TT............T.T.......T...T.TT.....T..T...T.....T...........T.T..T...T.................T.T...TT........T......T.T....TT.....T.....T...TT..T...T...T..T..T.T........T..T...T.T.........T.....TT.T.T..
T.......T..T.TT..T.......T..........T.T.TT...T.........TTT.T........T...T........TT.....T...T.............TT..T.T.....T.T...T...........T..T..TT..T.T.T..T.T.....T.........T...T..T.......T......T.........T.T.........T.........T...T..T..T.......T....T......T.T..T..........T.T....T..TT.....T..........T
...T......T.......TT.T......T....T......T.T.....T.T.T.T..T....T.TTT..T.....T.TT.....TT.......T...TT.........T..................TT....T.......TT.........T.T.T.T...T....T..T...T.T....T.T........T...T.....T...T.T...T......T.T.....T...T.....T.T...T......T...T....T.T...T.T.T.....T..T.T..T.....TT..T..T.T.
..T....T.T.T.T...........T.....T..T.T......TT.TT.....T....T..T.....T......T...........TT..T..T.T......T.T..T....T.......T.T....T.T..T..............T............T.......T.T.........T.......TT..........T..........TT...T...T.T.....T.....T...T....T............T...T......T...TT........T..T..T....T.......
T..T...T......T..T..T..T..TT.T.......T............T.........T.T......T.....T.T.T.T..........T...............T..T...TT..T...TT.........T....T....T.T..T.......TT.TT...T..T.T...........T.T..T.T.T..T.T..TT......T.T.............T..........T...........T..........T....T.T...T......T.T.T.........T.T.T...TT.
T.T.T...........T.T.TT........T....TT...T......T.......T.T.....T.T.......T.....TT...TT...T........T.T.T....T......T....TT......T.TT......T............T...T......T.......T.T....T.........T..T..T.....T....T......TT...T..T.....T.T...T......T.T..TT...T..T..T...T.T.....T....T..T........T.T......T.T......
..TT.T...TTTT........T......T...T.....T.....T...T.T.T....T......T.TTT..T.........T....T..T..T..T.T..T..T.....T.T......T...T.T.........T.T..T.T..T...T.T..T....T.T.T...T.T.........T....T.T.T......T....T.T.T.T.......T.....T.....T..........T.TTT...T.T.........T...TT..T.T...T.....TT.T.T...T..........T.T.
....T..T......T.T.............T...T..T..TT..........T.....T....T...........T.T...T.....T.TT..............T.T....T..T.................T.............T...T...T..........T.T.T.T.....T...T.......T..T....T......T...T......TT..T..T...T...T.T....T...T...T.....T.T....T.........TT....T..T........TT.T........T
T.T........T......T...T..T...........T....TT...T........T...T.....T....TT...TT..T....TT...T....TT.......T.....................T..T...T.T.....T....T.T........................T..T....T.....T..TT........T.....T.T..T.T........T.T.T.......T.......T.TT..T.....T...T......T.....T...........T.......T....T..T
...T..........T......T.T..T..T.T........T.......TT....T......T.....T..T..T..T.......T...T....T.....T.TT..T..T.T.T.T...T..T.TT.TT..T.......T...T..T.T....T.TT..T....TT..T........T.T......T......T.T...TTT....T....T..T......T..T..T..T.....TT.T.........T.T.....TT...T..T...T...T.........T.T.....T..T......
T.....T.T..........TT.......T.T...T.T....T....T.....T.T.........................T.................T.............TT.T......T......T..T......T...T...T..T.............T......T.....T.T..T..........T.TT.....T...............T......T.T........T..T...T..T......T.T...............T.....T..T.T...T...T.T....T..
.T.TT..T..T......T.....T.T...T..T....TT.T.T....T..T.......T.T..TT........T...T.......TT.T.T....T...T..T.T...TT......T.............T..T..T............TT.T......T.T...T.T.T..T................T.T...T....T.....TT....T.T......TT........TT........T.....T.T........T.T....T.T.....TT...T........T.....TTT...T
.....TTT.......T..T..T...........T.T.......T.......T....T.......T....TTT....T.....T..T....T..T....T.T............T............T......T.T.T..T.......T......T..T......T......T.........T....T..T......T...............T.T.T.....T.....T.....T.T...T..T..................T..T.T..T...T..T..TT......T..........
T..................T..TT....T..T..T.......T....TT.T...T..TT...T.T..T....T....T...T.....T........TT....T.....TTT........T..T.....TT...T.......T..T........T...T...........T.T...T...T...T....TT..T.T...T.....T...T.TTT.T......T...T...T...T..T....TT......T...T.....T.............T...T.T....TTTT.T...T...T..
..T..T.T..T.T....T.T.T................T.T..........T........T...T...T.....T..TTT.T......T..TT....T..T.....T........T...TT..TT....TT....T..T........TT..T...T......T.T.T.T...T..TT.....T....T...T..T.T.T....T.T..T........TT......T.....T......T...........TT....T.T..T..TT.T.....T..T.T.T..........T.......T
..T.....T.....T....TT..T..T....T...T....T..TT....TT.T.T....T.........T..T..............T.....T..T.T......TT..T...T...T...T.........T.......T....T...........T..T...TT....TTT.........T............T....T.T....T....T..T.T............T.T.T.T.........TT.......T...T.........T.T......T.T..............T.....
T.T..T....TT........T....................T..T..T......TT......T.T.T.T....TTT.T..T..TTT..T.T.T.T......T.......T..TT..T...T.T..T....T...T.T....T...TTTT.T.T.T..........T.T...T....T..TTTT..T.......T.T...................T.T....T..T..T....TT....T...T.T.T.T..T......TT..T................T......TT.T.TT......
.......T...T....T.T...T..TT..TT.T....T..T...T.T.T....T.T......T..T....T.......T.......T............T.T.......T................T...T...T.....T.T.T...........T.T..T................T.....T.T.TTT.......T...TT.T.T...T.T....T..T..T.......T...T.T...T.....T..T.T.T...T.T...T..T.TT...T....T...T....T....T.T..T
T.T.T...T..T..T........TT...T.......T....T.T.......T...T........TT..T.......T......TT......T.T..T.T......T.......T......T.T.T..T.T.T.T....T.T.T....T....T.....T.........T..T......T..T.T...T.TT.T........T...T.TT.T..T.T....T.T........T..T..T.T....T.T....T...T.T.......T....T.T..TT.T...T.T.T.T....TT.T.T.
.....T...T...T.T..TT......T..T...T..T..T....T.T....T..T...T.TT.........T..TT.....T...TT..T..T......T...T....T.....T...........T.......T......T.........T...TT..T.T.....T......T.T.....T.............TT.TT.T...............T.....T...T..T...T....T......T.T..T...T...T..TT.T..T.......T...T.........T...T....
.TT..T......T...T....T............T....T..T....TTT....TT.T....T....T..T...T...........T.....T.......T...T..T.T....T..T.....T........T....TT...T..TT..TT.....TTT.T..T.T..T.T...T.......T.T.......T.....T.......TT.T.....T......T.........T...TT.....T....T...T............T..T....TT...T........T....T...T...
.T....T..........T..T..T.T.T.T...T.T.......T.......TT...........T...T.TT...T.T.T..T.T..T.......T....T....T..T..T.T.T...T..T.T..T..TT..T................T..........T......T.T.T.T..T...T....TT...TTT......T..T...T....T..T...T.T.....T.T.....T.T..TT....T.T.....T..TT.T.......T......T...T..........T.....T.T
..T.....T.T...T..T.T.T...............T......TT.....T....T......T...........T...TT.......T.T......T..TT.........T...TT.T......T...........T....TT....T...T....T....T..T.....T.T......T....T...TTT....T..T......T.T....T...T.T.....T...T.....T...T..T...........T.T.....T.T......T.........T......T.T.T....T..
.....TT...T.TT.T............T....T...TTTT....T......T..T....T.....T.....T...T....TT.....T.T..T.T...T...T........T...........T.T...T...T...TT..T.....T.T...T.....T.T.T...T......T.......T...T.......T..T.....T..T..............T........T...........TT.T....T.......TT.......T..T...T..T.....T..T.T..TTT.T...
T..T.T......................T.....T.......T.....T..TT....T.T.T.T...T.TT.....T........T..T.........T..T.....T...T.......T..T.....T.T....T...T....TT.....T....T........T......T....T.T..T..T...TT.T....T......T................T...T..TT.....TT.T..T.....T..T........T...T..T...T.T...T..T.........T..........
.T..T..T.......T.......T.T..T.TTT...T............T..........T...T........T..TT..T.T......T....T....T.....T.....T..T.T.....T.................T.......T..T......T....T.....T.TT.....T.T...TTT.T..T......T..T.....TT...TT....T............T.......T...TT.......T............T...T..........T...T.T...T.....T.T.
...T.......T...T.T..T..T.........T..TT...T..T.TT......T.T.T.....T...........T...T..T..T..TT..T...T..T.......T..T.T.T..........T............T.....T....T..T...T.T..T............T..............T........TT......T.TT....T.....T.T..T........TT...T....T...TT.......T.T..T.T..TTT..T.T..........T..T...T.T...T
T.....T...T.T...T....T.TT.T...T.....T...T..T.......T.TT..........T......T.......T...........T...T.T...T.TTT..T..T....T....T.......T.T...T..T..TT..T.T......T....T..T..T..T......T......T............T.....T.T......T..T..T...T........T..T.......T..T...T......TTT.T.T...........T.T..T..T.T.....T.......T..
.T.......T.TT...........T........T.T.......T..................T.....T.TT..T.T......T.T......T..T..T.T..........T.......T..T..T.TT.T....T...T.T........TT............T....T....T..T..T.......TT...T.T..T..T....T..T.........T..T...TT...........T.......T......T..................T........T.T...T....TT...T.
....T..T.......T...T.T...............T..T.....T..TT.TT.T..T..T.....T.......T.....T........T..T..T...T...T........T.T......T..TT..T................T....T.....T.T..T..TT......T..T...T...T........T.T...T.......T..T....T...T.T.........T....T....T...T.T...T......T..T.....T..T.T....T.TT.............T.....
..T.TT...T..T.T..T.T.T..TT..TT.....TT..........................T......T....T...T....T......T.....T..........T.TT.T..T...T.T.......T......T.......T...........T..T.T....T..T....T.....T..T.T.T.....T.TT..T.T.T...T....T.T.......T...T.T..T...TT...TT................T...T............T.......T.T........T....
.......T.....T.T......T....T....T...T.T.T...TT...T....T.T...T............TT.....T.TT.T.T...TT.TT..T.....T.........T...T..T...TT....T.T..T...TT.....T.TT.........T.....T.....T......T........T......T..............TT......T.....T.T...T.....T..T......T....T.T..TT....T.T.T...T......TT......T.T.T.T..T..TT.
..T.........T.T.......T......T......T.................T..T.T..TT.T.........T..T.....T.........T.T.T.T..T......T....TTT....T....TT...T.............T......T...T........TT..T..T....TT..T........T..T........T.........TT.T...T.....T.T..T.T......T.T....T..T............T.....T...T.......T....T.T......T..T.
.T..T..T..T.....T...T...T.T.....T..T.......T.....T.TT.T.T......T....T...T..TT..TT.........T..T.T...........T.....T.........T.......T...T....T...T....TT...T...TT...T.......T..T...........T..T.....T...T....T.....TT...TT.T..T...T......T.T.T...T..T.T..T.....T.....T.T.T....T.......T....T....T...T.T..T...
T............T...T..T......T.....T..T..T......T.T.....T...........TT....T.........T..T.........T.T.TT..T..TT.......T......T...T....T......T..T.........T.........T.......T..T..T.T.T.T....T.......T....T.TTT...T....T.............TT.T.........T.T....T...T.T............T...T..TT.......T...T........T.....
....T............T......T...T.........T...T.........T....T...TTT....T......T..........T.......T......T........T.....T.T........T..T...T...T.....T...T...T...T...T...T..T..T..............T..TT...........T....................T..............T......T....T.T...T...T....T.T....T..T..TT..T..T..T...T..T....T
......T...T...T...TT..T..T.T.T.T...T.T.T.....T....TT.....T..........T........T.T.T.T....T..TT.T........T.T....T...T..T.......T.......T.T....T...T...........T...T........T....T...T.T.........T.....TTT.......T.T.T..TT..T.T...T.....T..T........T...T....T.T....T..T.....T...TT.T......T..T.......T..T...T.
..T....TTT......T...T..T.........T..............T....T..T.........T..TTT...TTT......T.T..TTT.........T......T..T...T..T...T.T...............T...TT.T.T.T.T.........T.....T.T.T.....T.T...T..T..T........T...T..T...T....T.......T....TT.T..T..T...T....T.T...T...T...T......T.............T.T.......T...T..T
T...........T.T.T....T....T...T.........T..TT.T...T.........T..T..T.......T.....T.T..............T.TT......T.T......T..T.......T...T..T.T..T.T....T...TT.....T.......TT.....T..........T...T....T.T.......TT.T......T...T...T...TTT...T.........TT...TT.T........T..T.T.T.T..........TT.....T.TTT..T.....T..
.TT.TT...T..T.T..T....TT.....T.T...T.T.........T.T..T....TT.TT...................T..T.T..T.T......T....T...........TT..........TT..T.TT.......T...T..T.......T..T.T....TT..TT..T.T.T.......T.T........T..T......T.....T..T.............TT..........T.....T.......TT........TT...T...T.T.........T.....T.T...
T............T.T...T..T.........T...T..T.....T....T..T..........T...T...T....T....T........TTT..T.......T.....TT.........T.T..............T............T.T..T....T...T..........T.T.....T...T......TT.........T...T...T....T.T......T.......T.T...T.T.....T..T..........T.T..T...T.T....TT....T.T.....T.T...
.T..TT....T.....T..TT.....T...T...T.......T.T...T...T..T......T.....T....TT...T......T.T.T...TT...T....T...T....T...T..T....T..T...TT...TT...T.T...T....T............T....T......T.T.....T......T....T....T.T....TT.....T...T.T.......T.T......T.T....T....T..........T...TT.....T..T...T...T.......T..T.T..
.TT.....T...T............T.T....TT..TT....TT......T...T..T.T..T.T....T......T...T.....T..T...T....TTT....TT......T..TT..TT.....T.....T....TT....TT...TT..TT....T.T.T.....T.T..T........T.......T.......TT..T.T................T.T........T..............T.T..T..TTT.T................TT..TT...T..T....T.T...
....T........T..T.......T....T...............T..............T..T.............T..T..T.T....T......T.....T.......TT.T..T...T..T....T....T.....T.....T............T....TT.............T.T.....T..T.T.T......T....T.....T...T.T........T..T..T..T..T..T..T..T..........TT...T...T..........T........TT..........
..T....TT........T..T......T..T........T.T.T..T..T...T......T.T.....T..T.............T.......T.T....TT......T.T.............T.....T......T...TT.....TT.T...T........T...T.T.T.T.......T.....T...................T..T..T.....T..T.....T..T..T..............T..T.T.T...T........TT.T.T.....TT..T....TT....T...
......T.....T....T....T..T.T....TT.T.T.TT.T.TT....T.T....T..T....T.......T..T..T........T..T..T.......T.........T..T..T...T...TT..T....T.........T..T.T...T......T..T...T...............T........T.T...T..T.......T.T....T....T...T..T...T....TT...T.TT.......T....T.TT..T.......T...T......T....T.T....T..T
T.T.T..T.T...T....TT.....T..T...T.T...T.T......T......T.........T..TT.T.........T...T...........T.T..T.......T......TT.T....T......T........T.T.T........T...T....T.......T.T.T.T........TTT.T..T.T........T..TT...T...T.T.........T........T...............TT...............T.....TT.........T.....T......T
.....T..............T.T..T......T..T...............T........T.......T.T.T....T..T..........T..........T..T.....T..T...T......T......T.T....T.....T..T.....T..T..T.T.T....T..T..T...T..T.....T.T.....T.T....TTT..T.............TT..T....T..........T..T.T.T.T...T........T.....T.......T..............T......
......T.......T..T...T.T....T...T.............T....T.T......T.T....T..........T...TT....T...T.T.T...T........T.T.T...T....T.......T....T.T.....T..T.......T.......T...T......T.....T..TT.T...T..........T..................TT....T....T.....T.TT......T.T......T.......TT......T..........T......TT.....T...
T.TT.......T....T..T....T....T.......T...T.T.....T......TT...........T.T....T..T............T......T..TT.T..T.....T...T..T..T.T...............T....T..T.T.....T.T..........T..TT..T.......T....T.T.TT...T.........T..TT..T....TT.........T......T..T...T..T.........T..T.TT.......T..T...T.TTT....T..TT.....
.........TT...........T...T....T.T....TTT.....T.T.T...T......T...T..T........T..T..T.....T..T...T...T..T.....T...T.T......T..TT..T..TT.T...T.T.......TT..........T..T.T....T.T.......T........T.T...T..T...TT....T...T..T.........T..T.T....T...T.T......T..TT....T...T....T......TTT............T.T....T.T.
T.....T.....T........TT.T....T.T..T............T.....TT..T....T...........T..TTT.......T...T.....TT.......T.T......T..T...T.....T........................T....T....T...TT.........T......T.T.....T.T.T..T.....T...T..T....TT............T.T........T..........T.T...T......T....T........T.....T....T...T...
........T..........T......T..............T..T.....T........TT..T.....TT...........T...TT...T...T..T.T.....T...T.T...T..T...T.......T.T..........T....T.T....T..T...T.T......T..TT....TT...T......T.......T.T.........TT.....T..T...T.TT...T..T...T...TT..TT...........T..T..T...T...T.........T...T.T.....T.
.T.T............T...............T..T..T..T...TT..T..T.............T.T.T...T...T.........TT..TTT................T....T...T...T.T....T..TT......T..T.T....TT..T....T.....T.........T.T...................T..T.....TT.......T....T..........T...TT...T.TT........T....T.......TT....T.....TT......T.........T..
T.T...T.T....TT...T.T.T.....T........T.T....T.....T........................TT.....T..T.T............T..TT.....T.......T..T...T...T.......T.T..T...T..T..T....T...T....T.......T.T.T...T..T...T.T.....T......T........T....T..............T....T..T.............T..........T....T...T..T..T.T..T.T..T..TT...T
.T...T.T..T..........TTT...T....T..T.....T.......T.T....T.TT........T.......T..T......T...T...T..TT....T.T......T.T....T.....T.......T..T.T.T.........TTT...........T....TT..T.T.T.........T....T.T.T.T.....TT.....T..TT....T..T..T....TT.TT...T.....T....T.TT..T.TT...T.......TT.....T..T..................
T.T...T.T..T...T.T.T....TT.T..T..T...T...TT...TT.T.........T....T.T..T..T......T.T.T.......TT.T.........T.T.....T.TT........T.T...TT.....T...T.T.....T..........T.T......T........T..T....T....T.T......TTT....T..T.........TTT.TTTT......T.T......T..T.T.....T....TT.......TT.....T..TT.....T.............T
...TT....T...T....T.T.....T.T......T.......T......T.T..T..TT........TT....T...T..T..T....T.......T...T.T.T..T...........T.....T.T....T..T.T.T....T.T....T.....T.T..T.T....T.............T...T.....T...T..........T.......T.T..........T........T.T....T.T..T...T.......TT...T.....T..T..T..T...T...T.T.T...T
T........T......T...T......T.....T..T.T.....T........T..T...T....T...T...T..........T..TT.......T.TT..T......T..T....T....T..T..T.T...........T......T.....T.T....TT.......TT.T.TT.....T......T....T..T.T.....T...T...T..........T...T..T...............T.T.T.T.T.......T..T..T........T......T..........T..
.T........T......T...T.T......T......T.T......TT..T......T..............T.......T..TT.....T...T.T......T.........T....T...TT......TT.................T.TT.............T....T......T...T.T.....TT..T..T...T..T.....TTT......TT..T....T......TTTT..T....TT....T.......T....T..T....T.........TT.....T.........
....T........TT.T...T.....T...T..T....T.T...T..T...T.....T....T.....T....T.TT....T.........T..T.........T...T..T...T.....TT....T...T....T.T..T...T..T....T..T...T.....T........T.........TT..T....T....T.TTT.........T..T..........T.......T...T........T..........T.TT.T....T..............TT.T..TT.T...T..
T......T.T.......T.T..T.T......T...T.T.........T...T...T..TT.T...T..T..T.T.......TT..T....T...T.T..TT..T...........TT.T....T.......T..T......T..T......T..............T...T.TT.T.T.........T.......T.........T.T......T.T..TT....T...TT..T........T........T..T..T.T..T........T...T..T..T.....T...T.....T.T
....TT........T.T.....T.....T.T........T.T.......T.T...T......T......T....T...T.....T......TT..T.T..T...TT..TT...........T....T..T...T..TT..............T....T..T.T....T.....T....T..T.T.....T.T.T....T.T.....T..T...T.........T....T.......T..T.T...T..T..T...T.T......T..T..T.T...........T...T...........
...T...TT.T...T....T....T.....T.T.T........T.T.T.........T....T..T..T.TT......T.......TT...T.........T.......T..T..............T..TT.....TTT.T...TT.T.......T....TT..T..T.....T....T...T..T..............T.........T........T...T.....T........T..T...............T............T...TT.T..TT...T.T...T.T...T.
T...T...T.......T......T.TT.........T.T...T.......T...T...T...T...T..T..T.........................T...T........T.T.T....T......T...T.T..T.........TT..T...T...........T.T.T..T.........T.....T.T..T..TT.....T...TTT...............T.....T...........T.T......TT.............T.T.T.....T............T.T......
.T...TT.....T........T..T..T..T.T.......T....T........T...............T..T....T....T....T...T.T..T.T.T...TT...T...T..........T.......T....T.......T.T...T.....T....T.............T...T...T..T..........T.T.T..T......TT...TT..T.T....T....T..T...T......T..T....T..TT.T..T.T....T....T........T..........T.T
.......T...........TT...T....T.T...T......T....TT....T..T.T.T...T.T......T.TT..T.T.T.T....T.............T..T..T.....T....T.T.......TT..T....T.T..T.T.TT.T.T.T...T......T........T..TT........T..T....T......T......T..TTT................T......T..TTT.T.T....T..T......T........TT....T.T..T...T..T..T....T
T....T....T...T.TT........T..T..T...T.T.T.........T......T..........T.T.T...T...T......T...T..T...T..T.T.T......T....T.T.T.T.T.T.......T...............T...T.T..T..T...T...T.T.TT....T..........T.T.....T..T.T.T........T...T.T.T...TT....T.T...........T..T.T.....TT....T.....T.....T.....T..T...T.T..T....
T....T......T...T.........T.T..T.....T.T...T.T.....T......T..T.....T...T.T..T..T.T..T..T.T...T......T...T.T.....T..T..............T.T.T.T.T.T...T.T.T..T......T......T.T...T.......T.....T....T.T...T.T..T.T...T......T........T......T.T..T...T........T.T...T...T.........T...T.T......TT.T..........T....
...T....T...TT........TT.........TT....T..T.T....T....T...T....T.T..T.....T........T....T........T.T......T.T....T..T...TT.T..T...T.........TT.T.T....T.T.TT...T.T..TT..T.TT..T.......T...T...T.........T...T.....T...T..T...T..TT.T........T...T.T..T.T.......T.T...T....T..........T.T......T...TT.T..TT..
T...T..T.T....T..T.T.......TT.T.T.T......T.T.T..T.T.........T...T.........T.T.T.....T.T.T...T..T.T.....T.......T...........T.T.....TT...T.....T.T.T....T.T.....T...T..T.............T.....T......T.....T..T.....T......T.T...T...TT..T.T......T....T...T.TT......TT...T.TT..T....T......T.............T....T
...T.TT.T..T.T........TT.....TT....T..T..T..T..T.TT...T.T.TT.....T..T...T.T.....T.....T....T..T.TT..TT.....T...T..T....T.T........T.TT..............TTT.T.....T.TT..........T.T...TT...T...T.......T.....TT...T.....T...T.T....T...T...TT....T......T.........T....T......T....T..T.T..T.T..T.T.T.T.T..T....
T..T.............T...T.....T....T...T.........T.........T...T..T...............TT..T...T.......................T........T.......T......T.....T............T....T......T.T...........T.T.....TT.T..T.T..T...T.....T...T.....T.T........T.T..T....TT.......TT..T..TT.T..TT............T..............T.......T
..T............TT..T.....T.......T....T...TT...T......T......T..T.T...T..T..T........T.T.T.T..T...T.....TT...T....T...T.......T....T...TT.T....TT.T.....T....T....T.T..T.T.T.T..T......T..T.T.T......T......T.....T..T..T...T.T....T........T..T.T..T.T....T......T......TT.T..T....T.T.......T..T...T...T..
T........T....T.........T.TT.T....TT.T..........T..T....T....T....T........T......T.T...T.....T.T....T..T..T......TT.T.T...T......T......T......T...T.T...........T..T............T..T..........T.T........T.T....T.......T..T.T.TT...T.T.TT........T...T.......T..T........T...T.T..T...T...T.T...T..T.T...
...TT......T...T....T....T....T.........T.T.T...T..T......T...T..T.T.T......T........T.T...T.......TT..T..T....T.T...T...T.TT.T..T..T....T.T.....TT..T.....T.T................TT.........T....T....T..T........T...........................T..T.........T.T....T....TT.....T...T.T..T..T........T........T..
.T....T.....T.....T..T.....T.T.....T.T......TT........T....T...T...T..T.......T.T.T............T.......T.....T.......T....T..T.......T...T.....TT...........T.TT.TT....T........TT....T.....T..T...T..TTT.....T..T.T.T.T.T.......T.TTT......T.......T.T...T.T............T..T.T...T........T.T......T.T...T.
..T.T....T.............T.T..T...T.....TT.T.........T...T...T.T.....T....T.T........T.....T..T.T...TT....T.T..T..................T............T..........T..T.........T...TTT..T........T........T..........T......T.......T...T.T.......T.T.....T..T...T.........T...T.......T.....TT.T......T.........T.T.T
......T.TT.T....T...TT...T......T......T..T...T...T...T.T...T..T.T...T...T.T..T..T..T..T....T..T......TT.....T.....TT............T..T..T..T..T......T.T......T........T.....TT.....T.T..TT...T.....T....TT....T.......................T..T........T.T....T......T.T.T......T...T........T.T......T.........T
T.T....T......T.T......T.......T.T.......T.T....TT.T..T....T..........T..T.........T.T..................T....T..T..T..TT.T...T......T............TT..T..TT..T.T..T.T..TT........T.....T........T.T..T........T..TT..T.T.T....T..T......T....TT..........T.....T....T.T...TT..T.TT.T..T.........T.T..TT.TT...
T........T.T.....T...TT..T.......T......T.......T.T.....T........T...........T........T..T...T..T...T.T...T....T.....T...TT..T..T.....T.T..TT...T.T.........T.T.......T..T........T.T...T..T.T.....T..TT.T.T........T.T...T......T.T.T..T......T.........T.T....T...........T...T.....T..T...T......T.......
....T..................T....T...T..T.T.....T.......T.T..T...T...T.T.T...T..T..T...T.....T...T..T..TT...T...T...TTT.T..T......T.T........T..........................T.....TT...TT.T.TT...............T........T..T.....T.....T.T..T.T..T.T..T...T.T..T......T.T...T...T...........T..T..T..TT...T.T........T.
....T........T....T....TT..T.T......T...TT..T..T......T..T...T....T..T..T..T.......T.TT...T.T.T.T...T...T....T.......T..........TTT....T........T.....TT.....T...T..........T...T.......T.T..T..T..TT........TT....T........T.......................TT..T.....T...T.T.T..T.T.T....T..T.....T......T..T.....T
T......T..T.T......TTT...............T....T..TT......T.T..............T........T.T..............T..T.T.T..T...........T....T....T.T........T.T.....T.T.....T...T..T...T..........................T....T.T..T.........T...T......T...TT....T...T...T...T..T....T........T.....TT.T..T...T...T.......T..TT.T..
..T...T........T..T....T......T.TT......T..T...TT.........T..T.T.T..T...T.....T.....T.TT.T....T.T...T....T......T........TT............TT...T........TTT..T.......T.TT....T...T....T..T..............T......T......T..TT.T.....T.T......T.T..........T...TT..T..T..T.....TTT.........T..T...............T...
.T.T.T.T...T..T..........T.T......T.....T.T.........T.................T......T..T.......T.T.T.T....T...T...TT........T.T...T..T.T.T......TT........T..........TT..T......T.T.T.T..T.......T.T..T.T.....T.......T.....T..T..T.........T......T......T...................T..................T...TT.....T..TT..
.T......T...T.....TT..T..........T...T..T......T..T..T...T.......TT....T...T.T......T....T.....TT...T......T......TT....TT..........TT..T.T.T.T.TT...T...T.T.........TT..T.............T........T.T.....T..T..T.....T.T.....T............T....T.......T...........T............T..T....TT...T.......T.....TT
..T....T.......T.......T....TT.....T...T.....T.T...T..T.....TT.....T.T.T.......T...T.T....T.....T.............T.....TT.......T........................T.......T..T.....T....T....T..T...T.T..T.......T.T.T..T...T..T.....TT.......TT........T.....T..T.....T.TT....T.......T.T.......T......................
T....T....T.....T.....T...T...T....T......T.....T........T.T..T.......T...T.T.......T.T..............T...T.....T..T.........T.T.T..T.T..T....T...........T.....T...............T......TT..TT.T...T.........T...T...T.TT....T.T.T...T...T...TT..........T.T..T........T.T.....T.T.TT......T..T..T.T....T.....
..T.......T.T...T.T......T.T........T......T.T.....T....TT......T.T...T.........T..T......TT.T..TT.....T..........T.....T.T....TT.T.....T.T...T.T.TT...T...TT.....T....T.........T.............T..T..T..T..T.T..T........T.....TT.T...T........TT.T....T..T..TT...T.T..TT.T...T.T..T.TT..T.T.T..T.T.....T...
..T..T..T..T..T....T.........T.TTT..T..T.....T.T.........T..T.T..T.T...T..T............T.T..T....T..T....T..TT...T.....T.T...T.....T..T........TT.....TT......T...T...T..T.T.T..T.T......T......T.....T................T.....T......T.....T.........T....TTT...................T..T..T....T.T.T..TT..T......
T................................T.....TT.......T.T.....T.....T....T...TT.T..TT..T....T...........T...T.......T.....T................T..T....T.....T....T..T...........T..T.T.T...TT...T.......T..TTT..T.T.T......T.T.....T.....T..............T..T..T.T...T.......T.T.T..T...........TT...............T..T.
....T.............T.T..TT.T.......T.T.......T.T............T........T.....T......T...........TT.....T.......T..T...T........T..T.....T....T...T....T...T..T.T......T.T...T...T......TT.T....T.T.......T..T...T.........TT..T....TT....TT.T.T......T.T....T....T..........T....T.T..T....T...T...T..T........
......T.T..T....T..T.TT....T.T....T..T.........T.T.T.T....T...........T.T.......TT.........TT...........T.TT.T..T..T....T.TT.T....T.T..T...T...T...T.T.....T.T.T..T...T.T..T.T..T...T..............T...TT.................T..T....T..........T...T........T....TT...T...T.T.T..T...T......T...T.....T.T..T.T
..T....T...T...T..T.....T.....TT.........T...T.T..........T.T...TT.....T.....T......T.T.T........T.T...T.T......................T......TT.....T.T...............T..........T.....T......T...T.T......T....TT....TT..T.T.........T...T.T..T..TT...TT...T....T......T....T.....T..T....T..T.....T..T.T........
T...T...........T....TT........T...T..T.T........T..T.T....T.TT......T..........T.T..T.T.T.T.T......T..T.TT..T.T...TTT......T.T........T....T.........T.TT...T...T.T.T.T....T......T..T..T...T.....T........T........T..T......TT......T...T..T........T.T..T...T.....T.TT....TTT.......T........T.......TT.
.T.T......T...T..T......TT.....T.....T..T..T...T.....T..T.T.............T.T...T....T......T....T..T................T..T.T.T..T.T.T..TT..T.T........TT..T....T.........T.T....T...TT........TT........T.T..T......T...T..TT...T....T..T..................T.......TT........T.........T..T..T.T....T.T.....T..
...T..TT.....T...T....T.....T..T..T.......T...T.......T.....T....T..T......TTT....T.T....T.T...T....T.........T..........T.T.......T.....T.T.T..T.T...T.T..T..T...T.....T..............T.....T..T....T......T..TT..T.......T.T.....TT.T.T.T.......TT..T....T.T.......T..T.........T.T...T...T..........T....
...T....T......T..T.T.....T...T....T..T........T.T.T.....T...T.........T...T.........T.......T....T.T..T.T.T...T..T....T.....T...........T..T.T......T.T.TT....T.T.......T..T..T..TT..........TT..T.....T.T.........T......T..T.T....T.T.T........T...T...T.....T..........T..T...........T.......T..T.....T
T.....T..T.T......T.....T....T......T....T..........T.T..T....T..TT.......T.....T........T......T..T........T..T...T.....T.....T.........TT.....T..T..T.....T...T.........T..........T...TTTT....T.........TT...TT...T.TT....T.....T.....T....TTT...T...T...TT........T.....T..T..T...T...T.T..T........T...
..T.TT......TT.T...TT.T.....T....T.....T.....T.T.T...TT.....T........T........T.T..T...TT....T....T..T.T.T...T..T..T.T.....T...T.T.T..T..T..T..T.......T..T.........TTTTT.......T......T.T........T.TT..T....TT..TT......T........T..T....T...T.........T..T..TT.T....T.TT..T......T....T....TT..T...TT.....
.......T......T.T.....TT........TT......TT........T.........T..T.......T.............................T...T....................T.T....T..T..T...T...T....T.......TTT......T...TT....T........T..T........T..........T.T..T..T..T.T..T..T...T.T...................................TT.......TT.......T.......TT
.T..T...............T....T.T.........T.T....T............T.T....T..TT...TT..T.T.....T....T.T.....T...T....T.T.........T.T......T..T........TT..T...T..T..T...TT....T...T....TT.T.T...T.........T...T........T.T...T.T.T........T................T......T.TT...TT.....T.....T....T..T.T..T..T.......T......T.
.T...T...TT.....TT.......T..T.....T.T...T...T....T.....T.......T.T..T.......T....T...T.TT.T..T.....TT.......T.TTTT...T.....TT.......................T..T..........T......................T.T.......T....T.T..T..T.........TT..T...T....T.T.....T..T.....T...T.....T.T..T......T...T.T....T...TTT........TT.T
....T.T.T..T.T.T..T....T.......T..T..TT......T..T.TT.......T....T..T..T......T.....T..T.T..T..T.......T....T...................T.....T.T..T.T....T...T....T......T....T........T....T.T.....T.T...T...TT...T...........TT...T.....T..T..T.TT........T...T...T...T...T.T......T.T..T.......T.......T.T.......
.T............T....T....T...T.T..T.T....T.....T..T......T.T.T..T.....T.T.......T...............TTT.....T........T..TT...T........T.........T..T...T..............T...T.TT....T..........T....TT....T............T......T.T.T.T..T.....T.....T.....T.........TT......T..T..T.....T..T.......T....TT.T..T.....
..TT...T...T...........T.T...T.T............T.........T...........T.......T.T...T.TT...........T..T.......T.T.........T...T...T.....TTT........T.T.T..TT.T...TT..........T...T.T.....T..T..T...T......T..T.TT......T..T.TT.....T......T........TTT.T.T....T...T.T......T...T.T.T...T.T..T...T..........T....
.....T........T...T.T...T.....T.T...T.T.T.......T.T..T..T...T...T...T.....T..T..TT...........T.......T.TT....T.......T.....T.TT........T............T..T.T.....T.................T..........T........T..T......T.TT.T...T.....T...TT....T.T..T........T......T.T.T...T................T.......T..TT..T..T...
.T..............T...........TT..T..T.T.....T..T.T.....T.T.T...T............T...T..........TT..T.T..T..T...........T....T.......T..T.....T.T.TT.......T......T..T....T..T..T.T.T.T.T.T.T......T..T...T.T.....T...T.T...T....T......T..................T...T..........T....T.T...T........T.......T......T..T.
.T....T..T.....T.T.....T...T.....TT....TT.T.......TT...T.T...........T............T..T.TT.......T...T..T...T....T.T.......T.....TT.T..T.T.....T.T............T..T.T.....T............T..T.T.......T.......T..T.......T.......T.T...T.T.....T...T...TT.....T......T...T.....T..T.TT.T.....T..T.T............T
..TT...T...TT..T.......TT......T..T......T..........T...T.T...T...TT..TT...TT..T..T..T....T.T...T.T.....T.........T...T..T................T........TT..T..T...TT......T.....T..TT..TT.........T..T.T......TT......T...T.................TTT.............TT.TT..T..T....T..............T...T...........T..T..
TT..T...............T.TT......T...T..T....T...T...T.....T......T.T.T.T.........TT..T.......T...T.....T...TT.......T....T...TT.T..T...TTT....T.................T..T..T.T..T.......TT.....T.....T...T.T.T.T...T..T.T.T...T.T.T....T...T...T.......TT............T.T..T...T.T..T..T..T.TT.........T..T.........
....T..T.T.......TT.....TT.....T...T......T......TT.T....T....T.........T...T.......TT...T..T....T....T..T.T.TT....T...........T..T.....T......T..T..T.T..TT...T.......T..TT..........T..T...T..T..T.T.......T...T.T........T.T.......T.....TT.....T..T...T.......T..T..T...T.........T....TT...T...T.....T.
..T.....T.T..T....T....T..T..T...T.....T.....TT......T.T..T.T...T.T..T..TT..TT..T.T..........T.T....T....T..T..T......T.T.T..T.....T....T...........T.......T....T....T..T....T...T....T...T..........T..T....T.T....TT......T..T..TT..T..T..T...T...TT......T..T......TT.T.....T....T....T..T........TT..T.
T....T...T.T...T..T....T.....TT..T.T.......T.....T....T.T..T............T......T.T..........T.T.......T......T.T...T......TT..T......T.......T...T...T..T..........T.......T.T.....T...TT.....T..T.T.T....T.....T.T.......T..................TT....T...T.T.T..........T....T......T............T.T..T.....T.
.T...TT..T....T.......T............T.T...............T...T..T..T.T.T....T...............T.TT.T....T.T.T.........T...T.T.....T.........TT.T...T......T.....T...T.....T...T......T.........T.T.....T.T....T....T..T.................T.....T.....................T....T.........T.T...T...T.......TT.T..T......
T......T...........T.T..T.T.........T.T.T.....TT.....T....T....T....T........T...T..T...T..............T.T.T.....T....TT..T.....T.TT.T...T.T...T.....T......T.T..T.T.......T..T..T...T...T.T...T..T.T..T..T.T..T.T.....TT.T.T.TT..T.T..T......TT...T...T....T...T.......T..T..T.T.T......T......T...T..T.TT.
T.T.......T..T...T....T.......TTT....T....TT......T...T.......T.T.T......TTT....T....TT....T...TTT...T...T.TT.T...T....T......T..T...............T.T....T.T....T...T.T...TT....T.T....T.......T.....T.T...T.......T.T.....TT...T...........T.T...T...T......T..T..T.T...T..T...T.....T...T.T...T.........T..
