90 120
20 20 20 20 20 20 20 20 20 20 20 20 20 20 20 20 20 20 20 20 20 20 20 20 20 20 20 20 20 20 20 20 20 20 20 20 20 20 20 20 20 20 20 20 20 0 0 0 0 0 0 0 0 0 0 0 0 0 0 0 0 0 0 0 0 0 0 0 0 0 0 0 0 0 0 0 0 0 0 0 0 0 0 0 0 0 0 0 0 0
0 0 0 0 0 0 0 0 0 0 0 0 0 0 0 0 0 0 0 0 0 0 0 0 0 0 0 0 0 0 0 0 0 0 0 0 0 0 0 0 0 0 0 0 0 0 0 0 0 0 0 0 0 0 0 0 0 0 0 0 0 0 0 0 0 0 0 0 0 0 0 0 0 0 0 0 0 0 0 0 0 0 0 0 0 0 0 0 0 0 0 0 0 0 0 0 0 0 0 0 45 45 45 45 45 45 45 45 45 45 45 45 45 45 45 45 45 45 45 45
........................................................................................................................
........................................................................................................................
........................................................................................................................
........................................................................................................................
........................................................................................................................
........................................................................................................................
........................................................................................................................
........................................................................................................................
........................................................................................................................
........................................................................................................................
........................................................................................................................
........................................................................................................................
........................................................................................................................
........................................................................................................................
........................................................................................................................
........................................................................................................................
........................................................................................................................
........................................................................................................................
........................................................................................................................
........................................................................................................................
........................................................................................................................
........................................................................................................................
........................................................................................................................
........................................................................................................................
........................................................................................................................
........................................................................................................................
........................................................................................................................
........................................................................................................................
........................................................................................................................
........................................................................................................................
........................................................................................................................
........................................................................................................................
........................................................................................................................
........................................................................................................................
........................................................................................................................
........................................................................................................................
........................................................................................................................
........................................................................................................................
........................................................................................................................
........................................................................................................................
........................................................................................................................
........................................................................................................................
........................................................................................................................
........................................................................................................................
........................................................................................................................
......................................................................................T....TTT..........................
....................TTT..............................................................T.....TTTT.........................
..................TTTTTT.T..........................................................T....TTT..T.........................
..................TTTTTTT.T........................................................TT......TT.TT........................
..................TTTTTTT..T..............T........................................TT...T.TTT.TT........................
...................TTTTTT......TT.TT..T.TT.TT.TT...............TTTTTTTTTTTTTTTTTTTT........T..TTT.......................
.....................TTT.....TTT.TTT..TT.....TTT.TT........TTTT.TTT.TTT...TTTTTTT.............TTTT......................
.......................TT...TTTTTTTT............TTT.TT....TT.TT..........T.....TTT.............TTT......................
......................T...TT.TTTTTTT..............T.TTTTT..TT.............TTTT..TT.............TTT......................
....................TT..TTTTTTTTTTT.................TTT.TTT....................TTT.TTTTTTTTT..TTTTT.....................
..............TT..TT...T.TTTT..TTTT..................TT.TT....................TTT.TTTTTTTTTTTTTTTTT.....................
............TTT.TTT..TTT..TT...TTTT..................TTTT.....................TTTTTTTTTTT..TT.TTTTTT....................
...........TT......TTTT..T.......TTT..................TT.....................TTTTTTTT..TTTTTTTTTTTTT....................
...........T.....TTTT...T.TTTTT..TTT.........................................TTTTTTTTTTTTTTTTTTTTTT.....................
..........T......TTT.............TT.........................................TTTTTTTTTTTTT.TTTTTTTTT.....................
.........TT.....TT.......T......TT..........................................TT.TTTTTTTTT.TTT.TTT.TTT....................
......TTT.............TTT......TTT.........................................TT.TTTTTTTTT..TTT.TTTTTT.....................
.....TTT............TT....T...TTTT........................................TTTTTTTT...TTT.TTTTTT.........................
....TTT..............TT..T..TTTTT.TT.....................................TTTTTTTT........TTTTTT.........................
...TT...................T.TTTTTTTTT.....................................TTTTTTTT...T.....TTTTTT.........................
...T......................TTTT.T.......TT..............................TTTTTTTTT.TTTT....TTTTTT.........................
...TT.................................TTTT............................TTTTTTTT..TTTTTT...TTTTT..........................
.............................TTTTT....TTTTT..........................TTTTTTTT..TTTTTT....TTTTT..........................
...........................TTT.TTT.....TT.TT........................TTTTTTTTT..TTTTTT....TTTT...........................
.............................TT.TT.....TTT.TT.......................TTTTTTTT..TTTTTTT....TTTT...........................
.............................TT.TT......TTT.TT.....................TTTTTTTT...TTTTTT.....TTTT...........................
.............................TT.TT.......TT.TT....................TTTTTTTT.....TTTTT.....TTT............................
.............................TT.TT........TT.TT..................TTTTTTTT......TTTT.......TT............................
.............................TT.TT...........TTT................TTTTTTTT.......TTTT.....................................
..............................TT.T.............TT..............TTTTTTTT........TTT......................................
...............................TTT..............TT.............TTTTTTTT........TTTT.....................................
................................TT..............TT............TTTTTTTT.........TTT..T...................................
...............................TT...............TTT...........TTTTTTTT..........TTT.....................................
.............................TTT.T...............TT..........TTTTTTTT...................................................
.............................TT..T...............T..........TTTTTTTT....................................................
.................................T.........................TTTTTTTT................T....................................
.................................TT................T....TT.TT.T...................T.....................................
.................................TT.................TTT.......T................TTT......................................
..................................T..................TTT.TT.TTT................TT.......................................
........................................................................................................................
..............................T..TTT.........................................TTTT.......................................
..................................T.....................................................................................
........................................................................................................................
........................................................................................................................
........................................................................................................................
